{
  "f1_macro": 0.3761486791461459,
  "best_params": {
    "C": 10,
    "gamma": "auto",
    "kernel": "rbf"
  },
  "probas": [
    [
      0.2881107765203262,
      0.45815664273125056,
      0.25373258074842314
    ],
    [
      0.22524843384569007,
      0.46559109237591956,
      0.3091604737783904
    ],
    [
      0.2286398538410621,
      0.382563643238834,
      0.388796502920104
    ],
    [
      0.25548614099433276,
      0.37087745346181644,
      0.3736364055438505
    ],
    [
      0.19997737846157754,
      0.3604169526051395,
      0.43960566893328284
    ],
    [
      0.24401115747016458,
      0.38452487548611447,
      0.37146396704372087
    ],
    [
      0.26040659108479247,
      0.4199050695560377,
      0.3196883393591696
    ],
    [
      0.2257280088765893,
      0.40766435096761167,
      0.3666076401557988
    ],
    [
      0.21770711052417732,
      0.4232975735928758,
      0.3589953158829467
    ],
    [
      0.2300543890523105,
      0.3713022251186959,
      0.39864338582899345
    ],
    [
      0.2522822940308212,
      0.36156577270409895,
      0.3861519332650796
    ],
    [
      0.24029534800168245,
      0.39217503113411684,
      0.36752962086420066
    ],
    [
      0.22989677616779325,
      0.36796094312170907,
      0.4021422807104977
    ],
    [
      0.20010623538020048,
      0.42692970211361086,
      0.37296406250618896
    ],
    [
      0.2526821765366114,
      0.4017387333732145,
      0.3455790900901739
    ],
    [
      0.2435887424991382,
      0.4019081182531769,
      0.35450313924768484
    ],
    [
      0.2537537884611283,
      0.407420293002479,
      0.33882591853639243
    ],
    [
      0.2358323295824945,
      0.3996682726197866,
      0.3644993977977186
    ],
    [
      0.2510639554863914,
      0.4200103220636299,
      0.3289257224499787
    ],
    [
      0.2025910271328189,
      0.3854007274678603,
      0.4120082453993208
    ],
    [
      0.2811680265663516,
      0.3976269591038018,
      0.32120501432984644
    ],
    [
      0.25842713556617936,
      0.3312449226925341,
      0.41032794174128645
    ],
    [
      0.254981520260006,
      0.3797674334093147,
      0.3652510463306795
    ],
    [
      0.2722619039567117,
      0.38592357692678,
      0.3418145191165084
    ],
    [
      0.24892124745777164,
      0.38384662338618625,
      0.367232129156042
    ],
    [
      0.2672690613941081,
      0.35095698790128577,
      0.381773950704606
    ],
    [
      0.26611221907773214,
      0.39528403619762403,
      0.33860374472464394
    ],
    [
      0.21938013585090899,
      0.4082979197029866,
      0.37232194444610417
    ],
    [
      0.22017503052559984,
      0.3359179902348535,
      0.44390697923954675
    ],
    [
      0.2379755775546896,
      0.35634716903358904,
      0.4056772534117212
    ],
    [
      0.258640040050375,
      0.38012177878555353,
      0.3612381811640716
    ],
    [
      0.22984031421989368,
      0.40532390233784105,
      0.3648357834422652
    ],
    [
      0.26833816062281496,
      0.3830814040382877,
      0.3485804353388973
    ],
    [
      0.3291847183428106,
      0.40871374105698993,
      0.2621015406001991
    ],
    [
      0.252734161974009,
      0.37274895122481705,
      0.3745168868011738
    ],
    [
      0.23592989736797096,
      0.35203517078761715,
      0.41203493184441187
    ],
    [
      0.24138841735695193,
      0.40715418876466597,
      0.3514573938783821
    ],
    [
      0.2697953181762967,
      0.3703007972809604,
      0.3599038845427429
    ],
    [
      0.23532462131616333,
      0.38358197374173775,
      0.38109340494209887
    ],
    [
      0.2822136192906529,
      0.4462026316947879,
      0.2715837490145592
    ],
    [
      0.189933296681578,
      0.37170511624856756,
      0.43836158706985456
    ],
    [
      0.2562164044052993,
      0.39557553996907224,
      0.34820805562562845
    ],
    [
      0.23905898096093306,
      0.34764355001631203,
      0.4132974690227548
    ],
    [
      0.19120580879206878,
      0.33982274723966527,
      0.4689714439682662
    ],
    [
      0.23628053918602385,
      0.4187804656309633,
      0.34493899518301274
    ],
    [
      0.22609443956097056,
      0.3533738516306796,
      0.4205317088083496
    ],
    [
      0.23765011698674857,
      0.418041267617469,
      0.34430861539578234
    ],
    [
      0.22888193866623838,
      0.41697851452943074,
      0.35413954680433085
    ],
    [
      0.26445075128551665,
      0.39670927344360074,
      0.3388399752708828
    ],
    [
      0.28893461227842226,
      0.4181172452866201,
      0.29294814243495737
    ],
    [
      0.2387808371685357,
      0.3980053814394307,
      0.3632137813920332
    ],
    [
      0.2366942024459457,
      0.3673446407267986,
      0.3959611568272555
    ],
    [
      0.26971121925489827,
      0.40053050852184785,
      0.3297582722232539
    ],
    [
      0.2571230450924603,
      0.38057387097019507,
      0.36230308393734445
    ],
    [
      0.2457140697489303,
      0.3887717549492482,
      0.3655141753018214
    ],
    [
      0.27795073659435676,
      0.3732530639712345,
      0.34879619943440876
    ],
    [
      0.26428207916809354,
      0.4269920212317656,
      0.30872589960014063
    ],
    [
      0.23189645535400275,
      0.4323374138988752,
      0.335766130747122
    ],
    [
      0.27024622739009696,
      0.42784636277359916,
      0.301907409836304
    ],
    [
      0.277060415839382,
      0.4123609576470469,
      0.310578626513571
    ],
    [
      0.2326289680592186,
      0.3769971003360333,
      0.39037393160474804
    ],
    [
      0.2323552100353844,
      0.3837440794150931,
      0.38390071054952246
    ],
    [
      0.24212207600701735,
      0.3912740356555042,
      0.3666038883374783
    ],
    [
      0.24081270439771127,
      0.39464574883085585,
      0.3645415467714329
    ],
    [
      0.289966563412038,
      0.4245895600415738,
      0.28544387654638825
    ],
    [
      0.23517873414494248,
      0.41637696562570986,
      0.3484443002293475
    ],
    [
      0.22180963936925546,
      0.370458941517546,
      0.4077314191131986
    ],
    [
      0.22737015964056762,
      0.3642224082755954,
      0.40840743208383673
    ],
    [
      0.26151238821003003,
      0.40123788347859984,
      0.33724972831137007
    ],
    [
      0.31271740296213907,
      0.38233294528121436,
      0.30494965175664657
    ],
    [
      0.2926725894642867,
      0.33396687427023225,
      0.373360536265481
    ],
    [
      0.30060901977393456,
      0.41453081678361564,
      0.2848601634424495
    ],
    [
      0.2827951291830142,
      0.4046076100092103,
      0.3125972608077755
    ],
    [
      0.2998224824173817,
      0.3761590957457686,
      0.32401842183684987
    ],
    [
      0.23102312431374553,
      0.4040677478136396,
      0.36490912787261465
    ],
    [
      0.2296945155655737,
      0.3542935427886855,
      0.4160119416457406
    ],
    [
      0.2288301545765991,
      0.3944118223136079,
      0.3767580231097929
    ],
    [
      0.21389225987204663,
      0.3889360540301077,
      0.3971716860978459
    ],
    [
      0.22960059074454708,
      0.3598852851738548,
      0.4105141240815979
    ],
    [
      0.24298608530371862,
      0.3819562632491011,
      0.3750576514471803
    ],
    [
      0.2372984376614112,
      0.4129557016019349,
      0.34974586073665387
    ],
    [
      0.26292321716134504,
      0.3832751566993746,
      0.3538016261392803
    ],
    [
      0.24539126009007856,
      0.3908526849731349,
      0.3637560549367866
    ],
    [
      0.2674326174348506,
      0.3470084368660873,
      0.385558945699062
    ],
    [
      0.22421190390218168,
      0.41727053141603004,
      0.3585175646817884
    ],
    [
      0.19696205139150658,
      0.42655711623862935,
      0.376480832369864
    ],
    [
      0.26156540802728445,
      0.3628924692798119,
      0.3755421226929034
    ],
    [
      0.21831949335175868,
      0.37156682807471453,
      0.4101136785735268
    ],
    [
      0.301087414469115,
      0.4246554168902086,
      0.27425716864067623
    ],
    [
      0.22126084904888008,
      0.39402387152958174,
      0.384715279421538
    ],
    [
      0.2367531977762654,
      0.36842308724043304,
      0.3948237149833015
    ],
    [
      0.23469856849053305,
      0.3961719865007779,
      0.3691294450086889
    ],
    [
      0.26195011404562696,
      0.38948416972139155,
      0.3485657162329816
    ],
    [
      0.23783573798855606,
      0.3518418438601523,
      0.41032241815129156
    ],
    [
      0.23611644249302816,
      0.4317123002930157,
      0.33217125721395574
    ],
    [
      0.20190142688896964,
      0.39149936959455917,
      0.40659920351647116
    ],
    [
      0.2728594485003588,
      0.3961289277314838,
      0.33101162376815724
    ],
    [
      0.23459981900203433,
      0.39026783572249457,
      0.3751323452754709
    ],
    [
      0.2937121301243793,
      0.3744490015827016,
      0.3318388682929192
    ],
    [
      0.2560753743862927,
      0.39836248716724465,
      0.3455621384464627
    ],
    [
      0.24001820708687646,
      0.4212613672483005,
      0.338720425664823
    ],
    [
      0.2114873584307894,
      0.43125925182598823,
      0.3572533897432223
    ],
    [
      0.3147996482912151,
      0.38530710438018373,
      0.2998932473286011
    ],
    [
      0.23908420129378685,
      0.3798146067165572,
      0.38110119198965586
    ],
    [
      0.24920619796023655,
      0.38834067469216144,
      0.3624531273476019
    ],
    [
      0.23059523080002337,
      0.45823992460894253,
      0.31116484459103416
    ],
    [
      0.19901043465279764,
      0.40732254690778164,
      0.3936670184394206
    ],
    [
      0.20374883442004643,
      0.3809670555479968,
      0.4152841100319567
    ],
    [
      0.2631628614372952,
      0.3610709308218839,
      0.37576620774082076
    ],
    [
      0.23961936192901553,
      0.43677432116677806,
      0.3236063169042062
    ],
    [
      0.24143970518363156,
      0.40858577179946026,
      0.34997452301690796
    ],
    [
      0.29038181409568947,
      0.3888567313792012,
      0.3207614545251093
    ],
    [
      0.24453527561792052,
      0.40923189232713686,
      0.34623283205494265
    ],
    [
      0.23645561425034528,
      0.4912556988825062,
      0.27228868686714847
    ],
    [
      0.2526360920994879,
      0.44397564510291043,
      0.3033882627976017
    ],
    [
      0.21071986038323573,
      0.3401840966768848,
      0.44909604293987915
    ],
    [
      0.2676820986399797,
      0.34462713347717566,
      0.3876907678828443
    ],
    [
      0.26740281678693956,
      0.43395499856437403,
      0.2986421846486862
    ],
    [
      0.2919358865459675,
      0.36308309273817274,
      0.3449810207158595
    ],
    [
      0.2646234236360879,
      0.4065823692777876,
      0.32879420708612433
    ],
    [
      0.26719311149988,
      0.43808626929880884,
      0.29472061920131154
    ],
    [
      0.22456267433968383,
      0.40040504325255266,
      0.3750322824077635
    ],
    [
      0.22942911607260313,
      0.37993738086791584,
      0.3906335030594808
    ],
    [
      0.25725270441068254,
      0.3914095762521076,
      0.3513377193372098
    ],
    [
      0.26404769913801457,
      0.3838673038137843,
      0.3520849970482011
    ],
    [
      0.17567832227027314,
      0.378560294607742,
      0.4457613831219848
    ],
    [
      0.26373127754512293,
      0.39925546871869366,
      0.3370132537361832
    ],
    [
      0.211134278991584,
      0.34730391382891884,
      0.4415618071794969
    ],
    [
      0.26180996719920707,
      0.4040531094170565,
      0.3341369233837363
    ],
    [
      0.25965893336161966,
      0.3741909372411857,
      0.36615012939719466
    ],
    [
      0.20673769383473398,
      0.3922990254227693,
      0.40096328074249665
    ],
    [
      0.22395961582947557,
      0.4128402365120018,
      0.3632001476585226
    ],
    [
      0.22427933600998523,
      0.41131840931198466,
      0.3644022546780302
    ],
    [
      0.20915503060206356,
      0.41278962266968955,
      0.3780553467282466
    ],
    [
      0.256223068286122,
      0.4544844824548959,
      0.289292449258982
    ],
    [
      0.240906454933504,
      0.42924827513190333,
      0.3298452699345924
    ],
    [
      0.24993752970008656,
      0.3889518634077263,
      0.361110606892187
    ],
    [
      0.2619087987097601,
      0.4016523632496933,
      0.33643883804054653
    ],
    [
      0.2211911267756497,
      0.3985883715836884,
      0.3802205016406616
    ],
    [
      0.2625379746962371,
      0.40914739404125755,
      0.3283146312625052
    ],
    [
      0.24598986333844652,
      0.4243225885361044,
      0.3296875481254491
    ],
    [
      0.29486896109479327,
      0.3911676024233197,
      0.31396343648188707
    ],
    [
      0.2014157427789715,
      0.408361775483062,
      0.3902224817379665
    ],
    [
      0.2495650700323613,
      0.3839780964795801,
      0.3664568334880587
    ],
    [
      0.2754232709711759,
      0.42443702394886734,
      0.3001397050799566
    ],
    [
      0.2513934773432759,
      0.412792719434972,
      0.3358138032217521
    ],
    [
      0.21907202611031137,
      0.3946621547449725,
      0.3862658191447159
    ],
    [
      0.20988512279607274,
      0.4192995647416577,
      0.37081531246226956
    ],
    [
      0.3008177761578762,
      0.38930697284022625,
      0.3098752510018974
    ],
    [
      0.2288946691857815,
      0.4097798793009927,
      0.36132545151322576
    ],
    [
      0.21865941114206566,
      0.3810545062149531,
      0.40028608264298116
    ],
    [
      0.24155740102535517,
      0.40622199041117135,
      0.3522206085634732
    ],
    [
      0.24024224004462919,
      0.3765115162707489,
      0.383246243684622
    ],
    [
      0.2544514423037762,
      0.38764626009736003,
      0.3579022975988638
    ],
    [
      0.23744448015951525,
      0.4045789716943152,
      0.3579765481461694
    ],
    [
      0.23557715088682993,
      0.373595033441516,
      0.39082781567165387
    ],
    [
      0.23728119731219516,
      0.34415003293468355,
      0.41856876975312124
    ],
    [
      0.21843111105539098,
      0.36915319076639075,
      0.41241569817821805
    ],
    [
      0.22139070031380506,
      0.4061190856765852,
      0.37249021400960974
    ],
    [
      0.2233223057079884,
      0.38432802535135296,
      0.39234966894065854
    ],
    [
      0.23708318604080808,
      0.39813430757163165,
      0.36478250638756043
    ],
    [
      0.2737980431829647,
      0.4191268048410142,
      0.3070751519760207
    ],
    [
      0.3291905743905434,
      0.3844221275885001,
      0.28638729802095647
    ],
    [
      0.2659137806590942,
      0.37265588454369375,
      0.3614303347972121
    ],
    [
      0.23523515093388522,
      0.40943664123597484,
      0.35532820783013985
    ],
    [
      0.2518157918345597,
      0.32912411680541837,
      0.4190600913600219
    ],
    [
      0.2528532248797699,
      0.37368923770509627,
      0.37345753741513354
    ],
    [
      0.2737380225213654,
      0.45957335925124176,
      0.2666886182273927
    ],
    [
      0.2419635574882164,
      0.41204859666289656,
      0.3459878458488872
    ],
    [
      0.2421944780802832,
      0.3671640921848832,
      0.3906414297348337
    ],
    [
      0.2801128780549343,
      0.407992638535065,
      0.31189448341000087
    ],
    [
      0.24755885627349722,
      0.389203558084754,
      0.3632375856417487
    ],
    [
      0.23893632379997162,
      0.32705114367586274,
      0.4340125325241656
    ],
    [
      0.2642550977635775,
      0.4423031890385732,
      0.2934417131978497
    ],
    [
      0.24383201254399797,
      0.38910964633401657,
      0.36705834112198515
    ],
    [
      0.24655715836564968,
      0.40403391571949115,
      0.3494089259148594
    ],
    [
      0.32357227885238943,
      0.3844335470028213,
      0.2919941741447891
    ],
    [
      0.2521455709602404,
      0.392915045252349,
      0.35493938378741074
    ],
    [
      0.2659595899490094,
      0.39502724573104236,
      0.3390131643199483
    ],
    [
      0.23367614394871541,
      0.3974949622704737,
      0.3688288937808109
    ],
    [
      0.22100736256577663,
      0.3658610272819401,
      0.41313161015228317
    ],
    [
      0.19949939452360058,
      0.3587805444738149,
      0.4417200610025848
    ],
    [
      0.2640744138567991,
      0.42023077189494995,
      0.315694814248251
    ],
    [
      0.18792744801230457,
      0.4399955829513711,
      0.37207696903632403
    ],
    [
      0.24706222384631835,
      0.36084592117395276,
      0.3920918549797288
    ],
    [
      0.2183873723787059,
      0.3920343760524938,
      0.38957825156880005
    ],
    [
      0.23675143874868512,
      0.41120036643571517,
      0.35204819481559985
    ],
    [
      0.26819568023238965,
      0.3808079767822739,
      0.3509963429853363
    ],
    [
      0.2256321742457844,
      0.3846812194228543,
      0.38968660633136104
    ],
    [
      0.27915095668807416,
      0.38842912997039425,
      0.33241991334153137
    ],
    [
      0.2628354042964537,
      0.4096805436730766,
      0.3274840520304698
    ],
    [
      0.27282511731221376,
      0.3967248882601518,
      0.33044999442763445
    ],
    [
      0.22594399389701458,
      0.4132264214679914,
      0.36082958463499404
    ],
    [
      0.2562226609082682,
      0.39854891440848633,
      0.3452284246832452
    ],
    [
      0.2283031200779021,
      0.39907679674234947,
      0.37262008317974865
    ],
    [
      0.23824346006770244,
      0.4357128934223616,
      0.3260436465099361
    ],
    [
      0.19752915630410992,
      0.33647675651361975,
      0.46599408718227026
    ],
    [
      0.2680675719806101,
      0.40716680975066916,
      0.324765618268721
    ],
    [
      0.27647834158977475,
      0.39705353829607026,
      0.3264681201141549
    ],
    [
      0.2505642583862111,
      0.39951536593985243,
      0.3499203756739364
    ],
    [
      0.20931120337485543,
      0.4326092886157424,
      0.3580795080094019
    ],
    [
      0.24378604825032774,
      0.39877603955680613,
      0.35743791219286597
    ],
    [
      0.2618337674559396,
      0.3808127664234658,
      0.35735346612059443
    ],
    [
      0.21073137860731075,
      0.45312073501483446,
      0.33614788637785475
    ],
    [
      0.23424336674578616,
      0.3997208834085382,
      0.3660357498456758
    ],
    [
      0.22124204019144525,
      0.40902946654639477,
      0.36972849326215984
    ],
    [
      0.2001574023420081,
      0.37491536332015507,
      0.4249272343378367
    ],
    [
      0.25592207897660396,
      0.3979250105709064,
      0.34615291045248947
    ],
    [
      0.2319868962512702,
      0.412074456550027,
      0.355938647198703
    ],
    [
      0.25371187660990274,
      0.3895596077977372,
      0.3567285155923602
    ],
    [
      0.25997633833458944,
      0.4276280931507735,
      0.3123955685146372
    ],
    [
      0.22414224529185112,
      0.4011607925181997,
      0.3746969621899489
    ],
    [
      0.26002485870595926,
      0.3547861406703621,
      0.3851890006236786
    ],
    [
      0.22646488894757985,
      0.3948037137779279,
      0.3787313972744919
    ],
    [
      0.3106613048763861,
      0.4143651638685234,
      0.2749735312550903
    ],
    [
      0.2770860189032994,
      0.3742423250406008,
      0.34867165605609973
    ],
    [
      0.21400045442239957,
      0.39983842053741314,
      0.3861611250401873
    ],
    [
      0.24910021225175888,
      0.37790820461734953,
      0.37299158313089154
    ],
    [
      0.2485420106482557,
      0.4434723765388567,
      0.30798561281288755
    ],
    [
      0.24708412095906243,
      0.3872599803324889,
      0.36565589870844867
    ],
    [
      0.23914196499021728,
      0.4665556102891643,
      0.2943024247206181
    ],
    [
      0.2833344434282395,
      0.35972027569487175,
      0.35694528087688854
    ],
    [
      0.2790820248797782,
      0.3875551722510543,
      0.3333628028691677
    ],
    [
      0.2593495013163181,
      0.42593243108933504,
      0.3147180675943467
    ],
    [
      0.29812799628613273,
      0.4197577631328075,
      0.28211424058105977
    ],
    [
      0.23672107796268965,
      0.3657598357114342,
      0.3975190863258763
    ],
    [
      0.25176917781459246,
      0.39175574499960625,
      0.3564750771858011
    ],
    [
      0.26919108587095897,
      0.35976012334171426,
      0.3710487907873268
    ],
    [
      0.2599300047025673,
      0.384990977182107,
      0.3550790181153258
    ],
    [
      0.21682729612913793,
      0.36221562687530007,
      0.42095707699556173
    ],
    [
      0.2560322227087424,
      0.39661562077595575,
      0.3473521565153016
    ],
    [
      0.2716325214625809,
      0.4206017064473767,
      0.30776577209004236
    ],
    [
      0.25824541136564666,
      0.41248581147314956,
      0.32926877716120373
    ],
    [
      0.31187255644103845,
      0.4233592432999825,
      0.26476820025897896
    ],
    [
      0.25250735151047893,
      0.39034082721427465,
      0.35715182127524653
    ],
    [
      0.26845963775377196,
      0.3893091562243085,
      0.3422312060219193
    ],
    [
      0.2847276796298241,
      0.40055546736915487,
      0.31471685300102065
    ],
    [
      0.266004062697141,
      0.4059629637881264,
      0.3280329735147323
    ],
    [
      0.2312354257661954,
      0.38770171389206454,
      0.38106286034173986
    ],
    [
      0.2298541906750879,
      0.3639113475980805,
      0.4062344617268313
    ],
    [
      0.21528977547905082,
      0.4482854032483869,
      0.3364248212725621
    ],
    [
      0.2623969376403656,
      0.39993618223188543,
      0.33766688012774904
    ],
    [
      0.22074361856535213,
      0.3956124037541654,
      0.3836439776804822
    ],
    [
      0.21171598272143172,
      0.403389604654835,
      0.384894412623733
    ],
    [
      0.24602483043069362,
      0.4317543936365384,
      0.322220775932768
    ],
    [
      0.22818050083918942,
      0.4173845451404936,
      0.35443495402031666
    ],
    [
      0.2500137701268245,
      0.3193829062500181,
      0.43060332362315756
    ],
    [
      0.23391362368592888,
      0.4153758109631914,
      0.3507105653508796
    ],
    [
      0.2924402539240613,
      0.4000222686345258,
      0.30753747744141285
    ],
    [
      0.23468526599949463,
      0.34234749964196665,
      0.4229672343585388
    ],
    [
      0.2521426202827421,
      0.43117814045784336,
      0.3166792392594146
    ],
    [
      0.24600038528756255,
      0.3973893681962315,
      0.35661024651620604
    ],
    [
      0.22309074532286066,
      0.3592469159186633,
      0.4176623387584763
    ],
    [
      0.2157451304612195,
      0.38070577232295016,
      0.4035490972158304
    ],
    [
      0.30633920107580376,
      0.40245478330082757,
      0.29120601562336873
    ],
    [
      0.2456304558101458,
      0.3671987883391835,
      0.38717075585067057
    ],
    [
      0.21662395974998158,
      0.38078542376723773,
      0.40259061648278044
    ],
    [
      0.20494684434623445,
      0.3451506287061766,
      0.44990252694758914
    ],
    [
      0.21584769111381655,
      0.40757391993487746,
      0.3765783889513061
    ],
    [
      0.24629803310237758,
      0.39086301257125156,
      0.3628389543263709
    ],
    [
      0.2614894620162586,
      0.3980832216572871,
      0.3404273163264544
    ],
    [
      0.23476781549204717,
      0.3835434405832154,
      0.3816887439247373
    ],
    [
      0.2557244323636898,
      0.3590543159383033,
      0.38522125169800675
    ],
    [
      0.2908061929466914,
      0.39180019753085116,
      0.31739360952245754
    ],
    [
      0.24206445633037377,
      0.41454475964113635,
      0.3433907840284898
    ],
    [
      0.21488801804305746,
      0.43648389639431057,
      0.34862808556263164
    ],
    [
      0.22234122771427267,
      0.3944318437164229,
      0.3832269285693042
    ],
    [
      0.24208800316305945,
      0.36368554803232583,
      0.39422644880461466
    ],
    [
      0.2819086758594048,
      0.40927442502670586,
      0.30881689911388926
    ],
    [
      0.2158167204178562,
      0.3951754153481617,
      0.38900786423398187
    ],
    [
      0.21645226883337362,
      0.4061715982547977,
      0.37737613291182853
    ],
    [
      0.22526264210535998,
      0.43085003897566104,
      0.34388731891897867
    ],
    [
      0.28170940347831425,
      0.36657027956832344,
      0.3517203169533624
    ],
    [
      0.26802492100170766,
      0.4301873218151308,
      0.30178775718316136
    ],
    [
      0.27220062106058507,
      0.4248605580791047,
      0.3029388208603101
    ],
    [
      0.23233728996386466,
      0.4357277511494907,
      0.3319349588866448
    ],
    [
      0.2519964863660949,
      0.4190127213808117,
      0.3289907922530934
    ],
    [
      0.2303240394638629,
      0.4152248050257966,
      0.3544511555103403
    ],
    [
      0.24935893543128085,
      0.3492853511317792,
      0.4013557134369399
    ],
    [
      0.2484539925156871,
      0.42152998222073346,
      0.33001602526357937
    ],
    [
      0.22280223487448603,
      0.3388030941303662,
      0.4383946709951477
    ],
    [
      0.306501315869937,
      0.4281366120758593,
      0.2653620720542033
    ],
    [
      0.3094950136631706,
      0.39083311014907707,
      0.2996718761877522
    ],
    [
      0.2631452763590871,
      0.3785795841526135,
      0.3582751394882993
    ],
    [
      0.2780044707514338,
      0.41050527772871004,
      0.31149025151985604
    ],
    [
      0.22677843626314179,
      0.3835474992143771,
      0.3896740645224811
    ],
    [
      0.2254427893875563,
      0.3782916386119907,
      0.396265572000453
    ],
    [
      0.2115421202220417,
      0.4020712673909093,
      0.38638661238704886
    ],
    [
      0.3137354342509145,
      0.40531084805480005,
      0.28095371769428557
    ],
    [
      0.25811904969351535,
      0.41853452806574354,
      0.32334642224074117
    ],
    [
      0.22383010951990873,
      0.4039505689912961,
      0.3722193214887949
    ],
    [
      0.24300800912980805,
      0.38775731786029743,
      0.36923467300989454
    ],
    [
      0.31033222588007453,
      0.41816034926507134,
      0.27150742485485435
    ],
    [
      0.2624249009047353,
      0.33735248730920847,
      0.40022261178605595
    ],
    [
      0.21451900121291761,
      0.3846967592460943,
      0.40078423954098785
    ],
    [
      0.19496415571481385,
      0.40937835863881783,
      0.39565748564636805
    ],
    [
      0.17786243587820727,
      0.4096664645720089,
      0.41247109954978367
    ],
    [
      0.20948911310897525,
      0.4291064680145703,
      0.3614044188764545
    ],
    [
      0.20653488177939497,
      0.34091152166129995,
      0.4525535965593052
    ],
    [
      0.3125280202764517,
      0.3664639408208595,
      0.3210080389026887
    ],
    [
      0.2819893975676344,
      0.37790548580149774,
      0.34010511663086773
    ],
    [
      0.24663979425240265,
      0.4277509673577683,
      0.3256092383898288
    ],
    [
      0.18556823329576422,
      0.4473714851538832,
      0.3670602815503524
    ],
    [
      0.24199349575605758,
      0.4106173902926368,
      0.34738911395130573
    ],
    [
      0.2287937804755571,
      0.43218493584522916,
      0.33902128367921364
    ],
    [
      0.2584108156277514,
      0.38498924737275503,
      0.3565999369994934
    ],
    [
      0.2594386749108526,
      0.4082206343037933,
      0.33234069078535416
    ],
    [
      0.3003695064408905,
      0.42337600652477647,
      0.27625448703433286
    ],
    [
      0.2989713077717752,
      0.420077222189052,
      0.28095147003917315
    ],
    [
      0.27210328450118393,
      0.40265636037481056,
      0.32524035512400534
    ],
    [
      0.25303626012978014,
      0.3988808665909969,
      0.3480828732792229
    ],
    [
      0.2866396509432163,
      0.4189604105847511,
      0.29439993847203255
    ],
    [
      0.2444354596862902,
      0.3557909067196964,
      0.3997736335940133
    ],
    [
      0.2868064801008113,
      0.4324566468625713,
      0.2807368730366176
    ],
    [
      0.2590867897947342,
      0.3615114664970091,
      0.3794017437082563
    ],
    [
      0.2099276692035992,
      0.35049154232115465,
      0.43958078847524595
    ],
    [
      0.2391994664397083,
      0.4446205035837023,
      0.31618002997658934
    ],
    [
      0.25276306158565776,
      0.4241689255987862,
      0.323068012815556
    ],
    [
      0.2610548483148904,
      0.39559478714608254,
      0.34335036453902706
    ],
    [
      0.24119827775688168,
      0.37308405264890127,
      0.3857176695942169
    ],
    [
      0.2664365735507338,
      0.35448015953783485,
      0.37908326691143146
    ],
    [
      0.25270781997333636,
      0.33697085359328166,
      0.410321326433382
    ],
    [
      0.21683392352995515,
      0.39949641090718385,
      0.3836696655628611
    ],
    [
      0.23490710945221216,
      0.37595481642069767,
      0.38913807412708984
    ],
    [
      0.2284016131882186,
      0.422352309940614,
      0.3492460768711673
    ],
    [
      0.22754794791426525,
      0.4047144073686905,
      0.3677376447170444
    ],
    [
      0.256346856422813,
      0.37699728395593857,
      0.366655859621248
    ],
    [
      0.21898891803939657,
      0.41157411257240367,
      0.36943696938819964
    ],
    [
      0.2389813405633916,
      0.3718921895903768,
      0.38912646984623134
    ],
    [
      0.2714899485881737,
      0.3635728645608859,
      0.3649371868509402
    ],
    [
      0.24192501462847962,
      0.35501658682047155,
      0.4030583985510489
    ],
    [
      0.22869875519994656,
      0.35666002261771507,
      0.4146412221823383
    ],
    [
      0.2997432628996579,
      0.3740911856774895,
      0.3261655514228525
    ],
    [
      0.2592061733349833,
      0.3628784429449018,
      0.3779153837201149
    ],
    [
      0.23157414703978346,
      0.3403833278049316,
      0.4280425251552853
    ],
    [
      0.1747000714238483,
      0.39478368761654364,
      0.43051624095960817
    ],
    [
      0.2825924239520946,
      0.3969055898289623,
      0.32050198621894305
    ],
    [
      0.264297398677611,
      0.42163576462782754,
      0.31406683669456154
    ],
    [
      0.22815259188894896,
      0.4105693275968516,
      0.3612780805141993
    ],
    [
      0.2872702893826313,
      0.3957323189536081,
      0.3169973916637603
    ],
    [
      0.2620460961011877,
      0.39545885240054507,
      0.3424950514982671
    ],
    [
      0.31594535430315007,
      0.3789784737579031,
      0.3050761719389467
    ],
    [
      0.26290261285245914,
      0.3859205651512781,
      0.3511768219962629
    ],
    [
      0.23544021487176764,
      0.3703508736087025,
      0.3942089115195298
    ],
    [
      0.25329538870339,
      0.39498759003326034,
      0.35171702126334964
    ],
    [
      0.23606708130498374,
      0.4352596813239317,
      0.3286732373710845
    ],
    [
      0.26731890730440927,
      0.3843403811780611,
      0.3483407115175297
    ],
    [
      0.2811991974291057,
      0.375089756671054,
      0.34371104589984025
    ],
    [
      0.22886472740549027,
      0.39143075143742234,
      0.3797045211570875
    ],
    [
      0.2342747470730646,
      0.36983434355021194,
      0.39589090937672355
    ],
    [
      0.22355704709258262,
      0.37238009072644856,
      0.4040628621809688
    ],
    [
      0.19571311621240595,
      0.41521986305800335,
      0.3890670207295907
    ],
    [
      0.2746645474841837,
      0.3905231324707669,
      0.33481232004504946
    ],
    [
      0.209193954457193,
      0.36650728245016556,
      0.4242987630926413
    ],
    [
      0.25433546505661914,
      0.3815156808692261,
      0.36414885407415476
    ],
    [
      0.2465416918914429,
      0.3830946832034859,
      0.37036362490507124
    ],
    [
      0.26216720455936454,
      0.36960227852381955,
      0.36823051691681596
    ],
    [
      0.24914874617981211,
      0.38399697751703626,
      0.3668542763031514
    ],
    [
      0.33731820611218405,
      0.4200334282558973,
      0.2426483656319184
    ],
    [
      0.22373112632059433,
      0.4960230435738891,
      0.2802458301055164
    ],
    [
      0.3081631842446964,
      0.3865073638570755,
      0.30532945189822824
    ],
    [
      0.23205253189092132,
      0.39579949215088245,
      0.372147975958196
    ],
    [
      0.2971701432927117,
      0.38781563632766813,
      0.3150142203796203
    ],
    [
      0.3005268506945645,
      0.4229269430747742,
      0.27654620623066123
    ],
    [
      0.24836628753802092,
      0.41173437880241087,
      0.3398993336595678
    ],
    [
      0.2569427247420005,
      0.40518034240767836,
      0.3378769328503212
    ],
    [
      0.2793701879179627,
      0.3757769473351335,
      0.34485286474690363
    ],
    [
      0.20474286671446448,
      0.3810819331612308,
      0.41417520012430487
    ],
    [
      0.26149777043000305,
      0.4062898336499377,
      0.3322123959200592
    ],
    [
      0.2518352123103871,
      0.35888055830223703,
      0.38928422938737584
    ],
    [
      0.2535145241892417,
      0.39007264900995037,
      0.3564128268008078
    ],
    [
      0.24696914396381298,
      0.38974652190146586,
      0.3632843341347212
    ],
    [
      0.22488935233494195,
      0.3858431520040227,
      0.3892674956610351
    ],
    [
      0.30320136698458344,
      0.41112723987595295,
      0.28567139313946366
    ],
    [
      0.2755398988932618,
      0.43706407329152824,
      0.2873960278152098
    ],
    [
      0.25893804334391546,
      0.4074438876112727,
      0.3336180690448118
    ],
    [
      0.2506546372946985,
      0.4118488812793442,
      0.3374964814259571
    ],
    [
      0.26038842096655784,
      0.3563242694702224,
      0.3832873095632198
    ],
    [
      0.24563239521207247,
      0.4092085303123121,
      0.3451590744756152
    ],
    [
      0.24211880499966745,
      0.4088683899951726,
      0.3490128050051598
    ],
    [
      0.22079641296935476,
      0.3701292520495372,
      0.4090743349811081
    ],
    [
      0.295623879295984,
      0.3691306095688737,
      0.3352455111351423
    ],
    [
      0.2888356490288471,
      0.3830870340654801,
      0.32807731690567277
    ],
    [
      0.1971182687436013,
      0.46181792851015685,
      0.3410638027462418
    ],
    [
      0.2812375642055588,
      0.38204553809508784,
      0.3367168976993532
    ],
    [
      0.2525130053094018,
      0.42234439868053375,
      0.3251425960100643
    ],
    [
      0.22562109212739764,
      0.3514197382616825,
      0.4229591696109199
    ],
    [
      0.23496555968362945,
      0.42677019886302336,
      0.33826424145334727
    ],
    [
      0.273410303261663,
      0.40289273262493197,
      0.3236969641134049
    ],
    [
      0.22483590848583504,
      0.39979302570559777,
      0.3753710658085671
    ],
    [
      0.32417305470979824,
      0.41480101052239426,
      0.2610259347678074
    ],
    [
      0.24700114796611977,
      0.40533432017431065,
      0.3476645318595696
    ],
    [
      0.24499920081881274,
      0.38158146997659476,
      0.3734193292045925
    ],
    [
      0.2732954237083884,
      0.4094320153303095,
      0.3172725609613022
    ],
    [
      0.19932836887600583,
      0.39055871115887725,
      0.41011291996511673
    ],
    [
      0.2691857627092129,
      0.36048796703877883,
      0.3703262702520083
    ],
    [
      0.24871230077634818,
      0.39902626704066096,
      0.3522614321829909
    ],
    [
      0.2934295710623841,
      0.4512308871407756,
      0.2553395417968403
    ],
    [
      0.30034828100782174,
      0.3641595521037387,
      0.3354921668884394
    ],
    [
      0.31242283643612623,
      0.37985333847405633,
      0.30772382508981744
    ],
    [
      0.23042529720237906,
      0.40171251644868866,
      0.3678621863489321
    ],
    [
      0.2571368304002265,
      0.42054451284800315,
      0.32231865675177046
    ],
    [
      0.22508423555031573,
      0.3704187308841169,
      0.40449703356556754
    ],
    [
      0.257937487264739,
      0.3931444168617104,
      0.3489180958735505
    ],
    [
      0.26277973812701405,
      0.3936015028197192,
      0.3436187590532666
    ],
    [
      0.30514604721760236,
      0.41788623437139144,
      0.2769677184110062
    ],
    [
      0.19981766025170583,
      0.37752101038857366,
      0.4226613293597202
    ],
    [
      0.26911790501004196,
      0.39432433645568055,
      0.33655775853427744
    ],
    [
      0.21256896356031874,
      0.41111301325241156,
      0.3763180231872696
    ],
    [
      0.22476077769601385,
      0.3847209911728302,
      0.3905182311311555
    ],
    [
      0.22625429201204086,
      0.3779489911767824,
      0.3957967168111765
    ],
    [
      0.21608764795121238,
      0.4027948942831445,
      0.38111745776564293
    ],
    [
      0.2754693039769812,
      0.38556553264391374,
      0.33896516337910504
    ],
    [
      0.23771392641770886,
      0.38654586664149493,
      0.37574020694079596
    ],
    [
      0.2330647890408044,
      0.401057419942798,
      0.36587779101639767
    ],
    [
      0.25698643932771087,
      0.41151640970848335,
      0.33149715096380583
    ],
    [
      0.27644189966288096,
      0.3772497446486385,
      0.34630835568848056
    ],
    [
      0.2685266116715464,
      0.35979416757465155,
      0.37167922075380216
    ],
    [
      0.19509501456610281,
      0.39487037155534177,
      0.41003461387855544
    ],
    [
      0.25649207926250284,
      0.42816817838578863,
      0.31533974235170853
    ],
    [
      0.26166156595169004,
      0.3952418834008106,
      0.34309655064749917
    ],
    [
      0.29567881479049857,
      0.3948864528678039,
      0.30943473234169744
    ],
    [
      0.28761497264782193,
      0.4223143401644925,
      0.2900706871876857
    ],
    [
      0.257628473629452,
      0.38374398038937524,
      0.3586275459811727
    ],
    [
      0.27718025391539214,
      0.3980096101837928,
      0.32481013590081487
    ],
    [
      0.22426162006971614,
      0.3617162271324006,
      0.41402215279788324
    ],
    [
      0.2819075621337112,
      0.38813311870313794,
      0.3299593191631509
    ],
    [
      0.24836251024299422,
      0.4034185100663118,
      0.34821897969069393
    ],
    [
      0.22568417896182963,
      0.389713665522942,
      0.38460215551522847
    ],
    [
      0.2607805147527164,
      0.36605790591218923,
      0.37316157933509425
    ],
    [
      0.2671016692599101,
      0.446245034896129,
      0.2866532958439609
    ],
    [
      0.25006677208054257,
      0.4078273716407024,
      0.3421058562787551
    ],
    [
      0.2767953617703072,
      0.45130762487023585,
      0.2718970133594572
    ],
    [
      0.22887710366396907,
      0.42531608381770947,
      0.3458068125183214
    ],
    [
      0.2184147369581244,
      0.39068895444282103,
      0.3908963085990545
    ],
    [
      0.1962282564123824,
      0.34372566048305786,
      0.4600460831045598
    ],
    [
      0.29054932511091336,
      0.3826978089333346,
