{
  "f1_macro": 0.6726137445533258,
  "probas": [
    [
      0.0073923468589782715,
      0.0073923468589782715,
      0.9852153062820435
    ],
    [
      0.22010460495948792,
      0.22010460495948792,
      0.5597907900810242
    ],
    [
      0.047758251428604126,
      0.9044834971427917,
      0.047758251428604126
    ],
    [
      0.27178213000297546,
      0.4564357399940491,
      0.27178213000297546
    ],
    [
      0.02878829836845398,
      0.02878829836845398,
      0.942423403263092
    ],
    [
      0.8346613049507141,
      0.08266934752464294,
      0.08266934752464294
    ],
    [
      0.006998032331466675,
      0.006998032331466675,
      0.9860039353370667
    ],
    [
      0.8210729956626892,
      0.0894635021686554,
      0.0894635021686554
    ],
    [
      0.09247106313705444,
      0.8150578737258911,
      0.09247106313705444
    ],
    [
      0.13199710845947266,
      0.7360057830810547,
      0.13199710845947266
    ],
    [
      0.0951063334941864,
      0.8097873330116272,
      0.0951063334941864
    ],
    [
      0.5949962735176086,
      0.20250186324119568,
      0.20250186324119568
    ],
    [
      0.8199307918548584,
      0.0900346040725708,
      0.0900346040725708
    ],
    [
      0.06401017308235168,
      0.8719796538352966,
      0.06401017308235168
    ],
    [
      0.12953954935073853,
      0.740920901298523,
      0.12953954935073853
    ],
    [
      0.8536906838417053,
      0.07315465807914734,
      0.07315465807914734
    ],
    [
      0.059071481227874756,
      0.8818570375442505,
      0.059071481227874756
    ],
    [
      0.02436646819114685,
      0.02436646819114685,
      0.9512670636177063
    ],
    [
      0.10264423489570618,
      0.7947115302085876,
      0.10264423489570618
    ],
    [
      0.010879278182983398,
      0.010879278182983398,
      0.9782414436340332
    ],
    [
      0.5940857529640198,
      0.2029571235179901,
      0.2029571235179901
    ],
    [
      0.16647979617118835,
      0.16647979617118835,
      0.6670404076576233
    ],
    [
      0.263964906334877,
      0.47207018733024597,
      0.263964906334877
    ],
    [
      0.7817366719245911,
      0.10913166403770447,
      0.10913166403770447
    ],
    [
      0.6220740079879761,
      0.18896299600601196,
      0.18896299600601196
    ],
    [
      0.7743167877197266,
      0.11284160614013672,
      0.11284160614013672
    ],
    [
      0.6912203431129456,
      0.15438982844352722,
      0.15438982844352722
    ],
    [
      0.020188868045806885,
      0.020188868045806885,
      0.9596222639083862
    ],
    [
      0.08383452892303467,
      0.8323309421539307,
      0.08383452892303467
    ],
    [
      0.5796080827713013,
      0.21019595861434937,
      0.21019595861434937
    ],
    [
      0.026188135147094727,
      0.026188135147094727,
      0.9476237297058105
    ],
    [
      0.04067873954772949,
      0.04067873954772949,
      0.918642520904541
    ],
    [
      0.14261090755462646,
      0.7147781848907471,
      0.14261090755462646
    ],
    [
      0.15165287256240845,
      0.6966942548751831,
      0.15165287256240845
    ],
    [
      0.009939134120941162,
      0.009939134120941162,
      0.9801217317581177
    ],
    [
      0.04632759094238281,
      0.9073448181152344,
      0.04632759094238281
    ],
    [
      0.8782922625541687,
      0.06085386872291565,
      0.06085386872291565
    ],
    [
      0.20389676094055176,
      0.5922064781188965,
      0.20389676094055176
    ],
    [
      0.6445767283439636,
      0.1777116358280182,
      0.1777116358280182
    ],
    [
      0.008259385824203491,
      0.008259385824203491,
      0.983481228351593
    ],
    [
      0.010358661413192749,
      0.010358661413192749,
      0.9792826771736145
    ],
    [
      0.05707809329032898,
      0.885843813419342,
      0.05707809329032898
    ],
    [
      0.23731791973114014,
      0.5253641605377197,
      0.23731791973114014
    ],
    [
      0.2324926257133484,
      0.2324926257133484,
      0.5350147485733032
    ],
    [
      0.2646649330854416,
      0.2646649330854416,
      0.4706701338291168
    ],
    [
      0.010277926921844482,
      0.010277926921844482,
      0.979444146156311
    ],
    [
      0.7082733511924744,
      0.14586332440376282,
      0.14586332440376282
    ],
    [
      0.052134960889816284,
      0.052134960889816284,
      0.8957300782203674
    ],
    [
      0.8640679717063904,
      0.06796601414680481,
      0.06796601414680481
    ],
    [
      0.8362500071525574,
      0.08187499642372131,
      0.08187499642372131
    ],
    [
      0.030894875526428223,
      0.030894875526428223,
      0.9382102489471436
    ],
    [
      0.10135215520858765,
      0.7972956895828247,
      0.10135215520858765
    ],
    [
      0.07034522294998169,
      0.8593095541000366,
      0.07034522294998169
    ],
    [
      0.240075945854187,
      0.240075945854187,
      0.519848108291626
    ],
    [
      0.506773054599762,
      0.24661347270011902,
      0.24661347270011902
    ],
    [
      0.0822654664516449,
      0.0822654664516449,
      0.8354690670967102
    ],
    [
      0.15676942467689514,
      0.6864611506462097,
      0.15676942467689514
    ],
    [
      0.5391057729721069,
      0.23044711351394653,
      0.23044711351394653
    ],
    [
      0.13846325874328613,
      0.7230734825134277,
      0.13846325874328613
    ],
    [
      0.024350613355636597,
      0.9512987732887268,
      0.024350613355636597
    ],
    [
      0.06171491742134094,
      0.8765701651573181,
      0.06171491742134094
    ],
    [
      0.058169394731521606,
      0.8836612105369568,
      0.058169394731521606
    ],
    [
      0.11137616634368896,
      0.11137616634368896,
      0.7772476673126221
    ],
    [
      0.12887480854988098,
      0.12887480854988098,
      0.742250382900238
    ],
    [
      0.06593936681747437,
      0.06593936681747437,
      0.8681212663650513
    ],
    [
      0.04878324270248413,
      0.9024335145950317,
      0.04878324270248413
    ],
    [
      0.05603131651878357,
      0.05603131651878357,
      0.8879373669624329
    ],
    [
      0.037563979625701904,
      0.037563979625701904,
      0.9248720407485962
    ],
    [
      0.26018790900707245,
      0.4796241819858551,
      0.26018790900707245
    ],
    [
      0.20898690819740295,
      0.20898690819740295,
      0.5820261836051941
    ],
    [
      0.09945511817932129,
      0.8010897636413574,
      0.09945511817932129
    ],
    [
      0.1365969181060791,
      0.1365969181060791,
      0.7268061637878418
    ],
    [
      0.06418460607528687,
      0.8716307878494263,
      0.06418460607528687
    ],
    [
      0.7531012892723083,
      0.12344935536384583,
      0.12344935536384583
    ],
    [
      0.9202984571456909,
      0.03985077142715454,
      0.03985077142715454
    ],
    [
      0.1718606948852539,
      0.6562786102294922,
      0.1718606948852539
    ],
    [
      0.05600738525390625,
      0.8879852294921875,
      0.05600738525390625
    ],
    [
      0.055870383977890015,
      0.88825923204422,
      0.055870383977890015
    ],
    [
      0.025728166103363037,
      0.9485436677932739,
      0.025728166103363037
    ],
    [
      0.7479137182235718,
      0.1260431408882141,
      0.1260431408882141
    ],
    [
      0.8294591903686523,
      0.08527040481567383,
      0.08527040481567383
    ],
    [
      0.8923673033714294,
      0.05381634831428528,
      0.05381634831428528
    ],
    [
      0.23125988245010376,
      0.5374802350997925,
      0.23125988245010376
    ],
    [
      0.22246858477592468,
      0.5550628304481506,
      0.22246858477592468
    ],
    [
      0.06021544337272644,
      0.8795691132545471,
      0.06021544337272644
    ],
    [
      0.870683491230011,
      0.0646582543849945,
      0.0646582543849945
    ],
    [
      0.8503637313842773,
      0.07481813430786133,
      0.07481813430786133
    ],
    [
      0.10358542203903198,
      0.792829155921936,
      0.10358542203903198
    ],
    [
      0.42161881923675537,
      0.2891905903816223,
      0.2891905903816223
    ],
    [
      0.26080477237701416,
      0.4783904552459717,
      0.26080477237701416
    ],
    [
      0.7388848662376404,
      0.1305575668811798,
      0.1305575668811798
    ],
    [
      0.23153340816497803,
      0.536933183670044,
      0.23153340816497803
    ],
    [
      0.15444833040237427,
      0.15444833040237427,
      0.6911033391952515
    ],
    [
      0.036821722984313965,
      0.9263565540313721,
      0.036821722984313965
    ],
    [
      0.09890985488891602,
      0.802180290222168,
      0.09890985488891602
    ],
    [
      0.043251216411590576,
      0.9134975671768188,
      0.043251216411590576
    ],
    [
      0.12670451402664185,
      0.12670451402664185,
      0.7465909719467163
    ],
    [
      0.01387786865234375,
      0.01387786865234375,
      0.9722442626953125
    ],
    [
      0.012905091047286987,
      0.012905091047286987,
      0.974189817905426
    ],
    [
      0.11623057723045349,
      0.767538845539093,
      0.11623057723045349
    ],
    [
      0.0700380802154541,
      0.8599238395690918,
      0.0700380802154541
    ],
    [
      0.08265876770019531,
      0.8346824645996094,
      0.08265876770019531
    ],
    [
      0.6414704918861389,
      0.17926475405693054,
      0.17926475405693054
    ],
    [
      0.14775699377059937,
      0.7044860124588013,
      0.14775699377059937
    ],
    [
      0.5575763583183289,
      0.22121182084083557,
      0.22121182084083557
    ],
    [
      0.13164472579956055,
      0.7367105484008789,
      0.13164472579956055
    ],
    [
      0.7435089349746704,
      0.1282455325126648,
      0.1282455325126648
    ],
    [
      0.8997917175292969,
      0.05010414123535156,
      0.05010414123535156
    ],
    [
      0.0404723584651947,
      0.9190552830696106,
      0.0404723584651947
    ],
    [
      0.556301474571228,
      0.221849262714386,
      0.221849262714386
    ],
    [
      0.12170356512069702,
      0.756592869758606,
      0.12170356512069702
    ],
    [
      0.8079225420951843,
      0.09603872895240784,
      0.09603872895240784
    ],
    [
      0.13787832856178284,
      0.7242433428764343,
      0.13787832856178284
    ],
    [
      0.04643237590789795,
      0.04643237590789795,
      0.9071352481842041
    ],
    [
      0.8403065204620361,
      0.07984673976898193,
      0.07984673976898193
    ],
    [
      0.10877308249473572,
      0.7824538350105286,
      0.10877308249473572
    ],
    [
      0.24196696281433105,
      0.5160660743713379,
      0.24196696281433105
    ],
    [
      0.04526832699775696,
      0.9094633460044861,
      0.04526832699775696
    ],
    [
      0.1352883279323578,
      0.7294233441352844,
      0.1352883279323578
    ],
    [
      0.62669438123703,
      0.18665280938148499,
      0.18665280938148499
    ],
    [
      0.08560699224472046,
      0.8287860155105591,
      0.08560699224472046
    ],
    [
      0.6220012307167053,
      0.18899938464164734,
      0.18899938464164734
    ],
    [
      0.031776607036590576,
      0.9364467859268188,
      0.031776607036590576
    ],
    [
      0.9143860936164856,
      0.0428069531917572,
      0.0428069531917572
    ],
    [
      0.18435925245285034,
      0.6312814950942993,
      0.18435925245285034
    ],
    [
      0.9146966338157654,
      0.04265168309211731,
      0.04265168309211731
    ],
    [
      0.0355696976184845,
      0.928860604763031,
      0.0355696976184845
    ],
    [
      0.1773567795753479,
      0.6452864408493042,
      0.1773567795753479
    ],
    [
      0.22658002376556396,
      0.5468399524688721,
      0.22658002376556396
    ],
    [
      0.2294677495956421,
      0.5410645008087158,
      0.2294677495956421
    ],
    [
      0.214650958776474,
      0.214650958776474,
      0.570698082447052
    ],
    [
      0.04215499758720398,
      0.915690004825592,
      0.04215499758720398
    ],
    [
      0.09231927990913391,
      0.09231927990913391,
      0.8153614401817322
    ],
    [
      0.19723188877105713,
      0.6055362224578857,
      0.19723188877105713
    ],
    [
      0.7206998467445374,
      0.13965007662773132,
      0.13965007662773132
    ],
    [
      0.20500487089157104,
      0.5899902582168579,
      0.20500487089157104
    ],
    [
      0.7443335056304932,
      0.12783324718475342,
      0.12783324718475342
    ],
    [
      0.08767876029014587,
      0.8246424794197083,
      0.08767876029014587
    ],
    [
      0.05264273285865784,
      0.8947145342826843,
      0.05264273285865784
    ],
    [
      0.07189521193504333,
      0.8562095761299133,
      0.07189521193504333
    ],
    [
      0.07821923494338989,
      0.8435615301132202,
      0.07821923494338989
    ],
    [
      0.06422671675682068,
      0.06422671675682068,
      0.8715465664863586
    ],
    [
      0.1688312590122223,
      0.1688312590122223,
      0.6623374819755554
    ],
    [
      0.13008522987365723,
      0.7398295402526855,
      0.13008522987365723
    ],
    [
      0.23801189661026,
      0.52397620677948,
      0.23801189661026
    ],
    [
      0.9205820560455322,
      0.03970897197723389,
      0.03970897197723389
    ],
    [
      0.11493411660194397,
      0.11493411660194397,
      0.7701317667961121
    ],
    [
      0.2405478060245514,
      0.5189043879508972,
      0.2405478060245514
    ],
    [
      0.04479178786277771,
      0.9104164242744446,
      0.04479178786277771
    ],
    [
      0.8680702447891235,
      0.06596487760543823,
      0.06596487760543823
    ],
    [
      0.07221513986587524,
      0.07221513986587524,
      0.8555697202682495
    ],
    [
      0.14986446499824524,
      0.14986446499824524,
      0.7002710700035095
    ],
    [
      0.8402846455574036,
      0.07985767722129822,
      0.07985767722129822
    ],
    [
      0.5902616381645203,
      0.20486918091773987,
      0.20486918091773987
    ],
    [
      0.10270094871520996,
      0.7945981025695801,
      0.10270094871520996
    ],
    [
      0.18571028113365173,
      0.18571028113365173,
      0.6285794377326965
    ],
    [
      0.7992613911628723,
      0.10036930441856384,
      0.10036930441856384
    ],
    [
      0.08340209722518921,
      0.08340209722518921,
      0.8331958055496216
    ],
    [
      0.05032908916473389,
      0.8993418216705322,
      0.05032908916473389
    ],
    [
      0.06669697165489197,
      0.06669697165489197,
      0.8666060566902161
    ],
    [
      0.1694553792476654,
      0.6610892415046692,
      0.1694553792476654
    ],
    [
      0.24547910690307617,
      0.24547910690307617,
      0.5090417861938477
    ],
    [
      0.7942119240760803,
      0.10289403796195984,
      0.10289403796195984
    ],
    [
      0.020040303468704224,
      0.020040303468704224,
      0.9599193930625916
    ],
    [
      0.788362979888916,
      0.10581851005554199,
      0.10581851005554199
    ],
    [
      0.06794628500938416,
      0.06794628500938416,
      0.8641074299812317
    ],
    [
      0.09107029438018799,
      0.09107029438018799,
      0.817859411239624
    ],
    [
      0.03359881043434143,
      0.03359881043434143,
      0.9328023791313171
    ],
    [
      0.0165272057056427,
      0.0165272057056427,
      0.9669455885887146
    ],
    [
      0.07777762413024902,
      0.844444751739502,
      0.07777762413024902
    ],
    [
      0.06528696417808533,
      0.8694260716438293,
      0.06528696417808533
    ],
    [
      0.8407236933708191,
      0.07963815331459045,
      0.07963815331459045
    ],
    [
      0.17845237255096436,
      0.6430952548980713,
      0.17845237255096436
    ],
    [
      0.7257680892944336,
      0.1371159553527832,
      0.1371159553527832
    ],
    [
      0.004976421594619751,
      0.004976421594619751,
      0.9900471568107605
    ],
    [
      0.033902883529663086,
      0.9321942329406738,
      0.033902883529663086
    ],
    [
      0.7479254603385925,
      0.12603726983070374,
      0.12603726983070374
    ],
    [
      0.18612167239189148,
      0.627756655216217,
      0.18612167239189148
    ],
    [
      0.041044682264328,
      0.917910635471344,
      0.041044682264328
    ],
    [
      0.07293561100959778,
      0.8541287779808044,
      0.07293561100959778
    ],
    [
      0.9509462714195251,
      0.024526864290237427,
      0.024526864290237427
    ],
    [
      0.1479138731956482,
      0.1479138731956482,
      0.7041722536087036
    ],
    [
      0.03446647524833679,
      0.9310670495033264,
      0.03446647524833679
    ],
    [
      0.08980000019073486,
      0.8203999996185303,
      0.08980000019073486
    ],
    [
      0.917239785194397,
      0.041380107402801514,
      0.041380107402801514
    ],
    [
      0.907111406326294,
      0.04644429683685303,
      0.04644429683685303
    ],
    [
      0.1455114185810089,
      0.1455114185810089,
      0.7089771628379822
    ],
    [
      0.2110181450843811,
      0.5779637098312378,
      0.2110181450843811
    ],
    [
      0.0824260413646698,
      0.8351479172706604,
      0.0824260413646698
    ],
    [
      0.0051132142543792725,
      0.0051132142543792725,
      0.9897735714912415
    ],
    [
      0.22067835927009583,
      0.5586432814598083,
      0.22067835927009583
    ],
    [
      0.005582064390182495,
      0.005582064390182495,
      0.988835871219635
    ],
    [
      0.0706220269203186,
      0.8587559461593628,
      0.0706220269203186
    ],
    [
      0.0778544545173645,
      0.844291090965271,
      0.0778544545173645
    ],
    [
      0.06177175045013428,
      0.8764564990997314,
      0.06177175045013428
    ],
    [
      0.012199878692626953,
      0.012199878692626953,
      0.9756002426147461
    ],
    [
      0.004967361688613892,
      0.004967361688613892,
      0.9900652766227722
    ],
    [
      0.011465638875961304,
      0.011465638875961304,
      0.9770687222480774
    ],
    [
      0.15346366167068481,
      0.6930726766586304,
      0.15346366167068481
    ],
    [
      0.23310580849647522,
      0.5337883830070496,
      0.23310580849647522
    ],
    [
      0.09405985474586487,
      0.8118802905082703,
      0.09405985474586487
    ],
    [
      0.07210162281990051,
      0.855796754360199,
      0.07210162281990051
    ],
    [
      0.8068220019340515,
      0.09658899903297424,
      0.09658899903297424
    ],
    [
      0.020188868045806885,
      0.020188868045806885,
      0.9596222639083862
    ],
    [
      0.00525018572807312,
      0.00525018572807312,
      0.9894996285438538
    ],
    [
      0.09120646119117737,
      0.09120646119117737,
      0.8175870776176453
    ],
    [
      0.2265441119670868,
      0.2265441119670868,
      0.5469117760658264
    ],
    [
      0.07824394106864929,
      0.8435121178627014,
      0.07824394106864929
    ],
    [
      0.007942378520965576,
      0.007942378520965576,
      0.9841152429580688
    ],
    [
      0.048897504806518555,
      0.9022049903869629,
      0.048897504806518555
    ],
    [
      0.6792788505554199,
      0.16036057472229004,
      0.16036057472229004
    ],
    [
      0.018473923206329346,
      0.018473923206329346,
      0.9630521535873413
    ],
    [
      0.24252352118492126,
      0.5149529576301575,
      0.24252352118492126
    ],
    [
      0.029777318239212036,
      0.029777318239212036,
      0.9404453635215759
    ],
    [
      0.008254647254943848,
      0.008254647254943848,
      0.9834907054901123
    ],
    [
      0.1390300691127777,
      0.7219398617744446,
      0.1390300691127777
    ],
    [
      0.07148385047912598,
      0.07148385047912598,
      0.857032299041748
    ],
    [
      0.5229066610336304,
      0.23854666948318481,
      0.23854666948318481
    ],
    [
      0.1299561858177185,
      0.740087628364563,
      0.1299561858177185
    ],
    [
      0.1753225028514862,
      0.1753225028514862,
      0.6493549942970276
    ],
    [
      0.023410499095916748,
      0.023410499095916748,
      0.9531790018081665
    ],
    [
      0.04066842794418335,
      0.04066842794418335,
      0.9186631441116333
    ],
    [
      0.03155571222305298,
      0.936888575553894,
      0.03155571222305298
    ],
    [
      0.049867600202560425,
      0.9002647995948792,
      0.049867600202560425
    ],
    [
      0.07638999819755554,
      0.8472200036048889,
      0.07638999819755554
    ],
    [
      0.004888951778411865,
      0.004888951778411865,
      0.9902220964431763
    ],
    [
      0.562157392501831,
      0.21892130374908447,
      0.21892130374908447
    ],
    [
      0.10707205533981323,
      0.10707205533981323,
      0.7858558893203735
    ],
    [
      0.6315752267837524,
      0.18421238660812378,
      0.18421238660812378
    ],
    [
      0.8436222672462463,
      0.07818886637687683,
      0.07818886637687683
    ],
    [
      0.24777376651763916,
      0.24777376651763916,
      0.5044524669647217
    ],
    [
      0.024544209241867065,
      0.024544209241867065,
      0.9509115815162659
    ],
    [
      0.6435820460319519,
      0.17820897698402405,
      0.17820897698402405
    ],
    [
      0.037158429622650146,
      0.037158429622650146,
      0.9256831407546997
    ],
    [
      0.048437535762786865,
      0.9031249284744263,
      0.048437535762786865
    ],
    [
      0.493277907371521,
      0.2533610463142395,
      0.2533610463142395
    ],
    [
      0.11089092493057251,
      0.11089092493057251,
      0.778218150138855
    ],
    [
      0.07036229968070984,
      0.8592754006385803,
      0.07036229968070984
    ],
    [
      0.08083441853523254,
      0.8383311629295349,
      0.08083441853523254
    ],
    [
      0.913138210773468,
      0.04343089461326599,
      0.04343089461326599
    ],
    [
      0.580139696598053,
      0.2099301517009735,
      0.2099301517009735
    ],
    [
      0.08445531129837036,
      0.08445531129837036,
      0.8310893774032593
    ],
    [
      0.15253114700317383,
      0.6949377059936523,
      0.15253114700317383
    ],
    [
      0.2545107901096344,
      0.4909784197807312,
      0.2545107901096344
    ],
    [
      0.04206681251525879,
      0.9158663749694824,
      0.04206681251525879
    ],
    [
      0.49657073616981506,
      0.25171463191509247,
      0.25171463191509247
    ],
    [
      0.03663751482963562,
      0.9267249703407288,
      0.03663751482963562
    ],
    [
      0.16821104288101196,
      0.6635779142379761,
      0.16821104288101196
    ],
    [
      0.0992303192615509,
      0.0992303192615509,
      0.8015393614768982
    ],
    [
      0.05418214201927185,
      0.8916357159614563,
      0.05418214201927185
    ],
    [
      0.061087220907211304,
      0.8778255581855774,
      0.061087220907211304
    ],
    [
      0.7437838912010193,
      0.12810805439949036,
      0.12810805439949036
    ],
    [
      0.8571736216545105,
      0.07141318917274475,
      0.07141318917274475
    ],
    [
      0.17013800144195557,
      0.6597239971160889,
      0.17013800144195557
    ],
    [
      0.525902509689331,
      0.23704874515533447,
      0.23704874515533447
    ],
    [
      0.10036870837211609,
      0.10036870837211609,
      0.7992625832557678
    ],
    [
      0.028927117586135864,
      0.9421457648277283,
      0.028927117586135864
    ],
    [
      0.09718167781829834,
      0.8056366443634033,
      0.09718167781829834
    ],
    [
      0.05357280373573303,
      0.8928543925285339,
      0.05357280373573303
    ],
    [
      0.10693055391311646,
      0.7861388921737671,
      0.10693055391311646
    ],
    [
      0.15891829133033752,
      0.15891829133033752,
      0.682163417339325
    ],
    [
      0.008475422859191895,
      0.008475422859191895,
      0.9830491542816162
    ],
    [
      0.2519364058971405,
      0.496127188205719,
      0.2519364058971405
    ],
    [
      0.04639795422554016,
      0.9072040915489197,
      0.04639795422554016
    ],
    [
      0.017702460289001465,
      0.017702460289001465,
      0.9645950794219971
    ],
    [
      0.014041721820831299,
      0.014041721820831299,
      0.9719165563583374
    ],
    [
      0.27174754440784454,
      0.4565049111843109,
      0.27174754440784454
    ],
    [
      0.1518729329109192,
      0.6962541341781616,
      0.1518729329109192
    ],
    [
      0.06365063786506653,
      0.8726987242698669,
      0.06365063786506653
    ],
    [
      0.8896319270133972,
      0.05518403649330139,
      0.05518403649330139
    ],
    [
      0.23401281237602234,
      0.23401281237602234,
      0.5319743752479553
    ],
    [
      0.09992873668670654,
      0.09992873668670654,
      0.8001425266265869
    ],
    [
      0.009541541337966919,
      0.009541541337966919,
      0.9809169173240662
    ],
    [
      0.682710587978363,
      0.15864470601081848,
      0.15864470601081848
    ],
    [
      0.894650936126709,
      0.05267453193664551,
      0.05267453193664551
    ],
    [
      0.0668395459651947,
      0.8663209080696106,
      0.0668395459651947
    ],
    [
      0.06603434681892395,
      0.8679313063621521,
      0.06603434681892395
    ],
    [
      0.8624556660652161,
      0.06877216696739197,
      0.06877216696739197
    ],
    [
      0.10882514715194702,
      0.782349705696106,
      0.10882514715194702
    ],
    [
      0.05671650171279907,
      0.05671650171279907,
      0.8865669965744019
    ],
    [
      0.1888451874256134,
      0.1888451874256134,
      0.6223096251487732
    ],
    [
      0.08638474345207214,
      0.8272305130958557,
      0.08638474345207214
    ],
    [
      0.255459725856781,
      0.489080548286438,
      0.255459725856781
    ],
    [
      0.798640787601471,
      0.10067960619926453,
      0.10067960619926453
    ],
    [
      0.04266190528869629,
      0.04266190528869629,
      0.9146761894226074
    ],
    [
      0.11004775762557983,
      0.7799044847488403,
      0.11004775762557983
    ],
    [
      0.06991025805473328,
      0.8601794838905334,
      0.06991025805473328
    ],
    [
      0.029948174953460693,
      0.9401036500930786,
      0.029948174953460693
    ],
    [
      0.023844361305236816,
      0.023844361305236816,
      0.9523112773895264
    ],
    [
      0.06265425682067871,
      0.8746914863586426,
      0.06265425682067871
    ],
    [
      0.06462106108665466,
      0.8707578778266907,
      0.06462106108665466
    ],
    [
      0.24627190828323364,
      0.5074561834335327,
      0.24627190828323364
    ],
    [
      0.047722041606903076,
      0.9045559167861938,
      0.047722041606903076
    ],
    [
      0.08357775211334229,
      0.8328444957733154,
      0.08357775211334229
    ],
    [
      0.10785138607025146,
      0.7842972278594971,
      0.10785138607025146
    ],
    [
      0.044680505990982056,
      0.9106389880180359,
      0.044680505990982056
    ],
    [
      0.18449875712394714,
      0.6310024857521057,
      0.18449875712394714
    ],
    [
      0.06591653823852539,
      0.8681669235229492,
      0.06591653823852539
    ],
    [
      0.2442600131034851,
      0.5114799737930298,
      0.2442600131034851
    ],
    [
      0.007095426321029663,
      0.007095426321029663,
      0.9858091473579407
    ],
    [
      0.04674288630485535,
      0.9065142273902893,
      0.04674288630485535
    ],
    [
      0.9080307483673096,
      0.045984625816345215,
      0.045984625816345215
    ],
    [
      0.4959719777107239,
      0.25201401114463806,
      0.25201401114463806
    ],
    [
      0.8557882308959961,
      0.07210588455200195,
      0.07210588455200195
    ],
    [
      0.653477132320404,
      0.17326143383979797,
      0.17326143383979797
    ],
    [
      0.11649066209793091,
      0.7670186758041382,
      0.11649066209793091
    ],
    [
      0.13386034965515137,
      0.13386034965515137,
      0.7322793006896973
    ],
    [
      0.05376926064491272,
      0.8924614787101746,
      0.05376926064491272
    ],
    [
      0.06340295076370239,
      0.8731940984725952,
      0.06340295076370239
    ],
    [
      0.7961368560791016,
      0.10193157196044922,
      0.10193157196044922
    ],
    [
      0.5397212505340576,
      0.2301393747329712,
      0.2301393747329712
    ],
    [
      0.013360321521759033,
      0.013360321521759033,
      0.9732793569564819
    ],
    [
      0.14913806319236755,
      0.7017238736152649,
      0.14913806319236755
    ],
    [
      0.12242066860198975,
      0.7551586627960205,
      0.12242066860198975
    ],
    [
      0.0675610601902008,
      0.8648778796195984,
      0.0675610601902008
    ],
    [
      0.05098113417625427,
      0.05098113417625427,
      0.8980377316474915
    ],
    [
      0.8033853769302368,
      0.09830731153488159,
      0.09830731153488159
    ],
    [
      0.04053765535354614,
      0.9189246892929077,
      0.04053765535354614
    ],
    [
      0.13440710306167603,
      0.731185793876648,
      0.13440710306167603
    ],
    [
      0.6736373901367188,
      0.16318130493164062,
      0.16318130493164062
    ],
    [
      0.8031049370765686,
      0.0984475314617157,
      0.0984475314617157
    ],
    [
      0.14323118329048157,
      0.7135376334190369,
      0.14323118329048157
    ],
    [
      0.5378899574279785,
      0.23105502128601074,
      0.23105502128601074
    ],
    [
      0.5902621746063232,
      0.20486891269683838,
      0.20486891269683838
    ],
    [
      0.056387871503829956,
      0.8872242569923401,
      0.056387871503829956
    ],
    [
      0.00762629508972168,
      0.00762629508972168,
      0.9847474098205566
    ],
    [
      0.23715737462043762,
      0.5256852507591248,
      0.23715737462043762
    ],
    [
      0.18962761759757996,
      0.6207447648048401,
      0.18962761759757996
    ],
    [
      0.8475074172019958,
      0.07624629139900208,
      0.07624629139900208
    ],
    [
      0.012041598558425903,
      0.012041598558425903,
      0.9759168028831482
    ],
    [
      0.2415829300880432,
      0.5168341398239136,
      0.2415829300880432
    ],
    [
      0.015993505716323853,
      0.015993505716323853,
      0.9680129885673523
    ],
    [
      0.15258154273033142,
      0.15258154273033142,
      0.6948369145393372
    ],
    [
      0.2454189658164978,
      0.5091620683670044,
      0.2454189658164978
    ],
    [
      0.07910585403442383,
      0.8417882919311523,
      0.07910585403442383
    ],
    [
      0.011527717113494873,
      0.011527717113494873,
      0.9769445657730103
    ],
    [
      0.23095989227294922,
      0.5380802154541016,
      0.23095989227294922
    ],
    [
      0.009742826223373413,
      0.009742826223373413,
      0.9805143475532532
    ],
    [
      0.06441307067871094,
      0.8711738586425781,
      0.06441307067871094
    ],
    [
      0.9158672094345093,
      0.04206639528274536,
      0.04206639528274536
    ],
    [
      0.911315381526947,
      0.04434230923652649,
      0.04434230923652649
    ],
    [
      0.22828465700149536,
      0.5434306859970093,
      0.22828465700149536
    ],
    [
      0.03740397095680237,
      0.9251920580863953,
      0.03740397095680237
    ],
    [
      0.10458600521087646,
      0.10458600521087646,
      0.7908279895782471
    ],
    [
      0.008225083351135254,
      0.008225083351135254,
      0.9835498332977295
    ],
    [
      0.08212342858314514,
      0.08212342858314514,
      0.8357531428337097
    ],
    [
      0.08824044466018677,
      0.8235191106796265,
      0.08824044466018677
    ],
    [
      0.03502240777015686,
      0.9299551844596863,
      0.03502240777015686
    ],
    [
      0.16453781723976135,
      0.16453781723976135,
      0.6709243655204773
    ],
    [
      0.04156103730201721,
      0.9168779253959656,
      0.04156103730201721
    ],
    [
      0.8666003942489624,
      0.0666998028755188,
      0.0666998028755188
    ],
    [
      0.04637065529823303,
      0.9072586894035339,
      0.04637065529823303
    ],
    [
      0.2295854687690735,
      0.540829062461853,
      0.2295854687690735
    ],
    [
      0.03966078162193298,
      0.920678436756134,
      0.03966078162193298
    ],
    [
      0.8914188742637634,
      0.054290562868118286,
      0.054290562868118286
    ],
    [
      0.0522707998752594,
      0.0522707998752594,
      0.8954584002494812
    ],
    [
      0.052197784185409546,
      0.8956044316291809,
      0.052197784185409546
    ],
    [
      0.016911089420318604,
      0.016911089420318604,
      0.9661778211593628
    ],
    [
      0.8011583089828491,
      0.09942084550857544,
      0.09942084550857544
    ],
    [
      0.6188773512840271,
      0.19056132435798645,
      0.19056132435798645
    ],
    [
      0.093625009059906,
      0.812749981880188,
      0.093625009059906
    ],
    [
      0.15535002946853638,
      0.6892999410629272,
      0.15535002946853638
    ],
    [
      0.21543654799461365,
      0.5691269040107727,
      0.21543654799461365
    ],
    [
      0.07115235924720764,
      0.8576952815055847,
      0.07115235924720764
    ],
    [
      0.20006942749023438,
      0.5998611450195312,
      0.20006942749023438
    ],
    [
      0.09172537922859192,
      0.8165492415428162,
      0.09172537922859192
    ],
    [
      0.24702048301696777,
      0.24702048301696777,
      0.5059590339660645
    ],
    [
      0.05078133940696716,
      0.05078133940696716,
      0.8984373211860657
    ],
    [
      0.8223843574523926,
      0.08880782127380371,
      0.08880782127380371
    ],
    [
      0.6169399619102478,
      0.1915300190448761,
      0.1915300190448761
    ],
    [
      0.191940575838089,
      0.616118848323822,
      0.191940575838089
    ],
    [
      0.02645576000213623,
      0.02645576000213623,
      0.9470884799957275
    ],
    [
      0.0706646740436554,
      0.8586706519126892,
      0.0706646740436554
    ],
    [
      0.9044270515441895,
      0.04778647422790527,
      0.04778647422790527
    ],
    [
      0.07953664660453796,
      0.8409267067909241,
      0.07953664660453796
    ],
    [
      0.03923329710960388,
      0.03923329710960388,
      0.9215334057807922
    ],
    [
      0.13731658458709717,
      0.7253668308258057,
      0.13731658458709717
    ],
    [
      0.11615896224975586,
      0.7676820755004883,
      0.11615896224975586
    ],
    [
      0.7625184655189514,
      0.11874076724052429,
      0.11874076724052429
    ],
    [
      0.038216978311538696,
      0.9235660433769226,
      0.038216978311538696
    ],
    [
      0.168340265750885,
      0.168340265750885,
      0.66331946849823
    ],
    [
      0.043613165616989136,
      0.9127736687660217,
      0.043613165616989136
    ],
    [
      0.1869702935218811,
      0.6260594129562378,
      0.1869702935218811
    ],
    [
      0.13740429282188416,
      0.7251914143562317,
      0.13740429282188416
    ],
    [
      0.06275689601898193,
      0.06275689601898193,
      0.8744862079620361
    ],
    [
      0.9171200394630432,
      0.041439980268478394,
      0.041439980268478394
    ],
    [
      0.08040100336074829,
      0.08040100336074829,
      0.8391979932785034
    ],
    [
      0.07238474488258362,
      0.8552305102348328,
      0.07238474488258362
    ],
    [
      0.08954218029975891,
      0.8209156394004822,
      0.08954218029975891
    ],
    [
      0.009128391742706299,
      0.009128391742706299,
      0.9817432165145874
    ],
    [
      0.037158429622650146,
      0.037158429622650146,
      0.9256831407546997
    ],
    [
      0.08235839009284973,
      0.8352832198143005,
      0.08235839009284973
    ],
    [
      0.031391680240631104,
      0.9372166395187378,
      0.031391680240631104
    ],
    [
      0.043882668018341064,
      0.9122346639633179,
      0.043882668018341064
    ],
    [
      0.22271153330802917,
      0.5545769333839417,
      0.22271153330802917
    ],
    [
      0.042706817388534546,
      0.9145863652229309,
      0.042706817388534546
    ],
    [
      0.6490071415901184,
      0.1754964292049408,
      0.1754964292049408
    ],
    [
      0.17459863424301147,
      0.650802731513977,
      0.17459863424301147
    ],
    [
      0.816503643989563,
      0.0917481780052185,
      0.0917481780052185
    ],
    [
      0.7638671398162842,
      0.11806643009185791,
      0.11806643009185791
    ],
    [
      0.005693554878234863,
      0.005693554878234863,
      0.9886128902435303
    ],
    [
      0.7774724960327148,
      0.11126375198364258,
      0.11126375198364258
    ],
    [
      0.038289010524749756,
      0.038289010524749756,
      0.9234219789505005
    ],
    [
      0.01789000630378723,
      0.01789000630378723,
      0.9642199873924255
    ],
    [
      0.03713914752006531,
      0.9257217049598694,
      0.03713914752006531
    ],
    [
      0.007962137460708618,
      0.007962137460708618,
      0.9840757250785828
    ],
    [
      0.04555994272232056,
      0.9088801145553589,
      0.04555994272232056
    ],
    [
      0.8813245892524719,
      0.05933770537376404,
      0.05933770537376404
    ],
    [
      0.8485789895057678,
      0.07571050524711609,
      0.07571050524711609
    ],
    [
      0.05552297830581665,
      0.8889540433883667,
      0.05552297830581665
    ],
    [
      0.2248217761516571,
      0.5503564476966858,
      0.2248217761516571
    ],
    [
      0.007080137729644775,
      0.007080137729644775,
      0.9858397245407104
    ],
    [
      0.6116623878479004,
      0.1941688060760498,
      0.1941688060760498
    ],
    [
      0.02187579870223999,
      0.02187579870223999,
      0.95624840259552
    ],
    [
      0.09496855735778809,
      0.8100628852844238,
      0.09496855735778809
    ],
    [
      0.10185673832893372,
      0.10185673832893372,
      0.7962865233421326
    ],
    [
      0.7509454488754272,
      0.12452727556228638,
      0.12452727556228638
    ],
    [
      0.8872128129005432,
      0.056393593549728394,
      0.056393593549728394
    ],
    [
      0.026638001203536987,
      0.026638001203536987,
      0.946723997592926
    ],
    [
      0.7314119935035706,
      0.13429400324821472,
      0.13429400324821472
    ],
    [
      0.05254572629928589,
      0.8949085474014282,
      0.05254572629928589
    ],
    [
      0.19728904962539673,
      0.19728904962539673,
      0.6054219007492065
    ],
    [
      0.05723795294761658,
      0.05723795294761658,
      0.8855240941047668
    ],
    [
      0.685068666934967,
      0.15746566653251648,
      0.15746566653251648
    ],
    [
      0.03710561990737915,
      0.9257887601852417,
      0.03710561990737915
    ],
    [
      0.8695232272148132,
      0.06523838639259338,
      0.06523838639259338
    ],
    [
      0.8487088084220886,
      0.07564559578895569,
      0.07564559578895569
    ],
    [
      0.07610771059989929,
      0.8477845788002014,
      0.07610771059989929
    ],
    [
      0.059716641902923584,
      0.059716641902923584,
      0.8805667161941528
    ],
    [
      0.17662835121154785,
      0.6467432975769043,
      0.17662835121154785
    ],
    [
      0.037372738122940063,
      0.037372738122940063,
      0.9252545237541199
    ],
    [
      0.09219050407409668,
      0.8156189918518066,
      0.09219050407409668
    ],
    [
      0.6096068024635315,
      0.19519659876823425,
      0.19519659876823425
    ],
    [
      0.005451321601867676,
      0.005451321601867676,
      0.9890973567962646
    ],
    [
      0.009036630392074585,
      0.009036630392074585,
