{
  "logistic_regression": {
    "f1_macro": 0.6016713678626314,
    "best_params": {
      "clf__C": 5.0,
      "tfidf__max_features": 10000,
      "tfidf__ngram_range": [
        1,
        1
      ],
      "tfidf__sublinear_tf": true
    },
    "report": {
      "negative": {
        "precision": 0.5720930232558139,
        "recall": 0.5040983606557377,
        "f1-score": 0.5359477124183006,
        "support": 244.0
      },
      "neutral": {
        "precision": 0.6058394160583942,
        "recall": 0.6484375,
        "f1-score": 0.6264150943396226,
        "support": 384.0
      },
      "positive": {
        "precision": 0.6408045977011494,
        "recall": 0.6445086705202312,
        "f1-score": 0.6426512968299711,
        "support": 346.0
      },
      "accuracy": 0.6108829568788501,
      "macro avg": {
        "precision": 0.6062456790051192,
        "recall": 0.599014843725323,
        "f1-score": 0.6016713678626314,
        "support": 974.0
      },
      "weighted avg": {
        "precision": 0.6098063903957286,
        "recall": 0.6108829568788501,
        "f1-score": 0.6095194935930703,
        "support": 974.0
      }
    },
    "probas": [
      [
        0.027015792376342183,
        0.2063196697462306,
        0.7666645378774272
      ],
      [
        0.05045892513516294,
        0.0770069719490513,
        0.8725341029157858
      ],
      [
        0.26595819101788,
        0.5543791001851165,
        0.17966270879700344
      ],
      [
        0.3777935129189868,
        0.15555732955650098,
        0.46664915752451236
      ],
      [
        0.09840502595996187,
        0.13564266203434722,
        0.7659523120056908
      ],
      [
        0.5069143141562285,
        0.3131361832191339,
        0.17994950262463769
      ],
      [
        0.8074333033065789,
        0.08566892000486082,
        0.10689777668856029
      ],
      [
        0.7768980598580386,
        0.059870075996306914,
        0.16323186414565455
      ],
      [
        0.20444387490716293,
        0.545975561286619,
        0.24958056380621818
      ],
      [
        0.06745137281546777,
        0.47423223606504794,
        0.4583163911194843
      ],
      [
        0.20444387490716293,
        0.545975561286619,
        0.24958056380621818
      ],
      [
        0.6928400082932011,
        0.1489380358392552,
        0.15822195586754373
      ],
      [
        0.5547155038450449,
        0.4036676742732872,
        0.04161682188166791
      ],
      [
        0.20444387490716293,
        0.545975561286619,
        0.24958056380621818
      ],
      [
        0.3280375658795774,
        0.621275315996491,
        0.05068711812393166
      ],
      [
        0.11769315191281744,
        0.7903496553673566,
        0.09195719271982587
      ],
      [
        0.20444387490716293,
        0.545975561286619,
        0.24958056380621818
      ],
      [
        0.18162523888134668,
        0.4011496481414076,
        0.4172251129772457
      ],
      [
        0.20444387490716293,
        0.545975561286619,
        0.24958056380621818
      ],
      [
        0.0009960977895326277,
        0.000325542505169832,
        0.9986783597052976
      ],
      [
        0.3320599364386404,
        0.4043201496140811,
        0.2636199139472785
      ],
      [
        0.09502373199634723,
        0.07801923812264154,
        0.8269570298810112
      ],
      [
        0.5243490540579385,
        0.2707493213278368,
        0.20490162461422465
      ],
      [
        0.1009191189901624,
        0.7198545766186057,
        0.17922630439123188
      ],
      [
        0.151765187882537,
        0.13975926282702242,
        0.7084755492904405
      ],
      [
        0.5512252763288634,
        0.24317410842619602,
        0.20560061524494055
      ],
      [
        0.06969910230274327,
        0.0979029794451615,
        0.8323979182520952
      ],
      [
        0.013392831328399878,
        0.02867498595046184,
        0.9579321827211383
      ],
      [
        0.35380464735189193,
        0.48044358567910844,
        0.1657517669689997
      ],
      [
        0.7680362473134255,
        0.17066551791774834,
        0.06129823476882624
      ],
      [
        0.028077841053977117,
        0.051548363543179564,
        0.9203737954028433
      ],
      [
        0.09032864146441422,
        0.7526217036035371,
        0.15704965493204875
      ],
      [
        0.6287923147065905,
        0.253764861854895,
        0.1174428234385145
      ],
      [
        0.8376933378181677,
        0.06469512213508877,
        0.09761154004674356
      ],
      [
        0.015498602566226387,
        0.028644866696984687,
        0.955856530736789
      ],
      [
        0.20444387490716293,
        0.545975561286619,
        0.24958056380621818
      ],
      [
        0.337038161045843,
        0.5760123177836101,
        0.0869495211705469
      ],
      [
        0.24851035618510656,
        0.5448991498422222,
        0.2065904939726712
      ],
      [
        0.8149719123408219,
        0.07029344187954199,
        0.11473464577963613
      ],
      [
        0.01836579799291691,
        0.2302249300156106,
        0.7514092719914726
      ],
      [
        0.001090157928143998,
        0.00048436624335871303,
        0.9984254758284974
      ],
      [
        0.01702550896230558,
        0.9127648881648622,
        0.07020960287283212
      ],
      [
        0.4231562541751779,
        0.3143943150830397,
        0.2624494307417824
      ],
      [
        0.13226190317533268,
        0.2112187262317436,
        0.6565193705929236
      ],
      [
        0.23971172330251156,
        0.24985448993853704,
        0.5104337867589513
      ],
      [
        0.1338211634463913,
        0.42910487777220235,
        0.4370739587814063
      ],
      [
        0.34417962073097447,
        0.4529735940290898,
        0.2028467852399357
      ],
      [
        0.030850255932477186,
        0.12794314331046736,
        0.8412066007570556
      ],
      [
        0.574250049909941,
        0.30569700551203166,
        0.12005294457802723
      ],
      [
        0.5896971715448028,
        0.22994750511917433,
        0.1803553233360229
      ],
      [
        0.335538842586639,
        0.36756932554912936,
        0.2968918318642317
      ],
      [
        0.20444387490716293,
        0.545975561286619,
        0.24958056380621818
      ],
      [
        0.20444387490716293,
        0.545975561286619,
        0.24958056380621818
      ],
      [
        0.06797508163219709,
        0.6897939800241586,
        0.24223093834364434
      ],
      [
        0.6558895405839263,
        0.2640559084682567,
        0.08005455094781685
      ],
      [
        0.3411659301114867,
        0.1788442047472895,
        0.47998986514122366
      ],
      [
        0.6374362287957579,
        0.25401639147795924,
        0.10854737972628288
      ],
      [
        0.5405623433609195,
        0.06573950822687208,
        0.39369814841220835
      ],
      [
        0.015646558024375187,
        0.06360635125399218,
        0.9207470907216327
      ],
      [
        0.019747497507730197,
        0.8801475957546787,
        0.10010490673759112
      ],
      [
        0.21422714975257606,
        0.668633488513351,
        0.11713936173407301
      ],
      [
        0.20444387490716293,
        0.545975561286619,
        0.24958056380621818
      ],
      [
        0.15210160645029752,
        0.26019161422244746,
        0.587706779327255
      ],
      [
        0.3691102181446133,
        0.4861702177087065,
        0.1447195641466803
      ],
      [
        0.2039881977244546,
        0.0787810296704857,
        0.7172307726050597
      ],
      [
        0.05242703519677136,
        0.910948732749365,
        0.03662423205386371
      ],
      [
        0.021582550546406763,
        0.049966014783692836,
        0.9284514346699004
      ],
      [
        0.06908490418511441,
        0.0378803120439468,
        0.8930347837709387
      ],
      [
        0.03486778037262877,
        0.41983084822741545,
        0.5453013713999558
      ],
      [
        0.32774952179644534,
        0.5533309634741455,
        0.11891951472940912
      ],
      [
        0.4281824255296783,
        0.475067217921649,
        0.09675035654867271
      ],
      [
        0.14150369400031546,
        0.3590358629925439,
        0.49946044300714076
      ],
      [
        0.14511469629372534,
        0.3543534518893278,
        0.5005318518169468
      ],
      [
        0.09887144362485506,
        0.3144645710509603,
        0.5866639853241845
      ],
      [
        0.24280932899585955,
        0.7027526824364865,
        0.054437988567654035
      ],
      [
        0.09636000432589917,
        0.6993744478898182,
        0.20426554778428266
      ],
      [
        0.08504512004962184,
        0.838828648428535,
        0.0761262315218431
      ],
      [
        0.16017355823932236,
        0.39234737466486264,
        0.447479067095815
      ],
      [
        0.2041858506194147,
        0.6949224870282912,
        0.10089166235229405
      ],
      [
        0.14074529803552374,
        0.12841082293967396,
        0.7308438790248023
      ],
      [
        0.19962595210911083,
        0.4868547472300346,
        0.3135193006608546
      ],
      [
        0.33078165519228675,
        0.21035276596192412,
        0.45886557884578905
      ],
      [
        0.5510950915250505,
        0.09494211410623812,
        0.3539627943687112
      ],
      [
        0.16846873245804528,
        0.04500211309456957,
        0.7865291544473851
      ],
      [
        0.15057478058552498,
        0.49232832401051213,
        0.3570968954039629
      ],
      [
        0.20444387490716293,
        0.545975561286619,
        0.24958056380621818
      ],
      [
        0.15286128896232326,
        0.47303746953944775,
        0.3741012414982289
      ],
      [
        0.2281333904473125,
        0.598021311148704,
        0.1738452984039834
      ],
      [
        0.20444387490716293,
        0.545975561286619,
        0.24958056380621818
      ],
      [
        0.06464545997705533,
        0.20295551141234242,
        0.7323990286106024
      ],
      [
        0.2983718044289986,
        0.1973798675058597,
        0.5042483280651417
      ],
      [
        0.05044121576777616,
        0.05822254166653088,
        0.8913362425656931
      ],
      [
        0.3311413626555779,
        0.13758116651262847,
        0.5312774708317937
      ],
      [
        0.06164061939974324,
        0.7440998043499505,
        0.1942595762503062
      ],
      [
        0.20444387490716293,
        0.545975561286619,
        0.24958056380621818
      ],
      [
        0.03758558517766296,
        0.22927641417495193,
        0.7331380006473851
      ],
      [
        0.12022102342807406,
        0.20411407595845604,
        0.67566490061347
      ],
      [
        0.09423336689174933,
        0.03970190106854622,
        0.8660647320397044
      ],
      [
        0.0465956152734761,
        0.02850913662506867,
        0.9248952481014553
      ],
      [
        0.32593627358735555,
        0.3272302126335058,
        0.3468335137791386
      ],
      [
        0.4747609909927651,
        0.1954629208896411,
        0.32977608811759396
      ],
      [
        0.08363203891414775,
        0.7826083258209793,
        0.13375963526487294
      ],
      [
        0.6950941574810223,
        0.023954269406915512,
        0.2809515731120621
      ],
      [
        0.2248682581503803,
        0.11097824856139235,
        0.6641534932882274
      ],
      [
        0.7324866597298709,
        0.18255248448372619,
        0.08496085578640285
      ],
      [
        0.7798425959789304,
        0.13682900749323643,
        0.08332839652783323
      ],
      [
        0.8911851454832614,
        0.06357720626976798,
        0.045237648246970366
      ],
      [
        0.3757968628797976,
        0.325640009108756,
        0.29856312801144647
      ],
      [
        0.030967855385179478,
        0.8106290411597447,
        0.15840310345507583
      ],
      [
        0.3846770127033211,
        0.24931657063011295,
        0.36600641666656597
      ],
      [
        0.20444387490716293,
        0.545975561286619,
        0.24958056380621818
      ],
      [
        0.04117918323298651,
        0.3281553895491,
        0.6306654272179134
      ],
      [
        0.6699708194929522,
        0.10166415288810568,
        0.22836502761894223
      ],
      [
        0.02292453498139481,
        0.30460574518563277,
        0.6724697198329724
      ],
      [
        0.046887961517932855,
        0.12656104307819693,
        0.8265509954038701
      ],
      [
        0.021180255808498052,
        0.09221369186515206,
        0.8866060523263498
      ],
      [
        0.16647699825461945,
        0.3805485496379319,
        0.4529744521074486
      ],
      [
        0.11396352289955175,
        0.755021842278356,
        0.13101463482209225
      ],
      [
        0.20444387490716293,
        0.545975561286619,
        0.24958056380621818
      ],
      [
        0.6927204285185966,
        0.27486592250025066,
        0.032413648981152655
      ],
      [
        0.18159174179236917,
        0.7887891328687082,
        0.029619125338922518
      ],
      [
        0.1315627742283989,
        0.5367464048356294,
        0.33169082093597163
      ],
      [
        0.03877057093430508,
        0.8009690085140504,
        0.16026042055164466
      ],
      [
        0.08677317940076688,
        0.09439845189812512,
        0.8188283687011081
      ],
      [
        0.698450894777452,
        0.14422827309685193,
        0.15732083212569598
      ],
      [
        0.02982464574100649,
        0.930309635876238,
        0.03986571838275538
      ],
      [
        0.09787250154705877,
        0.779865415612036,
        0.12226208284090513
      ],
      [
        0.5163931850189328,
        0.12788774872377462,
        0.35571906625729255
      ],
      [
        0.7270756844149711,
        0.15028044609266822,
        0.12264386949236067
      ],
      [
        0.06419118504483821,
        0.8258100684298653,
        0.10999874652529648
      ],
      [
        0.04293288842856608,
        0.15673643045953248,
        0.8003306811119014
      ],
      [
        0.8391342633849874,
        0.12224358547687907,
        0.03862215113813353
      ],
      [
        0.15047034337907184,
        0.28165718906196696,
        0.5678724675589613
      ],
      [
        0.04799113399777544,
        0.7409398187723679,
        0.2110690472298566
      ],
      [
        0.3270087439006649,
        0.5521770456352165,
        0.1208142104641186
      ],
      [
        0.762511866568133,
        0.16177452010567286,
        0.07571361332619418
      ],
      [
        0.8119061083893426,
        0.1454168541198647,
        0.04267703749079267
      ],
      [
        0.09032864146441422,
        0.7526217036035371,
        0.15704965493204875
      ],
      [
        0.2552869787174775,
        0.4654366928896234,
        0.2792763283928991
      ],
      [
        0.10583831667698028,
        0.5666129462423998,
        0.32754873708061993
      ],
      [
        0.42446963850757174,
        0.3645908457653301,
        0.21093951572709815
      ],
      [
        0.07331282699012094,
        0.3206455365170348,
        0.6060416364928443
      ],
      [
        0.20444387490716293,
        0.545975561286619,
        0.24958056380621818
      ],
      [
        0.40614325939023604,
        0.21071607171726425,
        0.38314066889249965
      ],
      [
        0.04513157623269377,
        0.4242873854101095,
        0.5305810383571967
      ],
      [
        0.762928776751969,
        0.09797398595074132,
        0.13909723729728965
      ],
      [
        0.11295483296958779,
        0.27262601465719116,
        0.614419152373221
      ],
      [
        0.2797503799104004,
        0.5242325136970231,
        0.19601710639257655
      ],
      [
        0.31123188280027236,
        0.5237549537424816,
        0.165013163457246
      ],
      [
        0.1463048330633076,
        0.6572969504351538,
        0.1963982165015385
      ],
      [
        0.07530390198472761,
        0.2540294773957318,
        0.6706666206195407
      ],
      [
        0.17589685600690239,
        0.6539160310258504,
        0.17018711296724723
      ],
      [
        0.1262965374176186,
        0.25929297285935593,
        0.6144104897230255
      ],
      [
        0.3078448615569817,
        0.16160861748790212,
        0.5305465209551162
      ],
      [
        0.7095296346087314,
        0.07885809536620925,
        0.21161227002505936
      ],
      [
        0.044174752044285726,
        0.21195773011713984,
        0.7438675178385745
      ],
      [
        0.49585712347992666,
        0.23444960770427248,
        0.26969326881580075
      ],
      [
        0.00461678697461995,
        0.0028676602115039525,
        0.992515552813876
      ],
      [
        0.35315389724406987,
        0.5744901370169545,
        0.0723559657389755
      ],
      [
        0.08532912952696721,
        0.12432927700199149,
        0.7903415934710413
      ],
      [
        0.04553984475756071,
        0.1056605702480512,
        0.848799584994388
      ],
      [
        0.060566202335778065,
        0.7148964799745814,
        0.22453731768964064
      ],
      [
        0.7753080024816535,
        0.17795166758505826,
        0.046740329933288166
      ],
      [
        0.15255773756252838,
        0.1351427868235802,
        0.7122994756138914
      ],
      [
        0.7895608312109266,
        0.07204202525255422,
        0.1383971435365192
      ],
      [
        0.11369913198323044,
        0.13596185061895708,
        0.7503390173978125
      ],
      [
        0.03099993945868073,
        0.09110666885220557,
        0.8778933916891138
      ],
      [
        0.1979724551526983,
        0.4287950105291469,
        0.3732325343181547
      ],
      [
        0.2679935551737786,
        0.03897596847953837,
        0.6930304763466831
      ],
      [
        0.20444387490716293,
        0.545975561286619,
        0.24958056380621818
      ],
      [
        0.4821478590135684,
        0.3864574241241161,
        0.13139471686231557
      ],
      [
        0.8425962684103566,
        0.05467526326548564,
        0.10272846832415783
      ],
      [
        0.09166806951693827,
        0.17496923570855658,
        0.7333626947745051
      ],
      [
        0.5149408489980896,
        0.16954075443712674,
        0.3155183965647838
      ],
      [
        0.15000066251834757,
        0.13795491861279355,
        0.7120444188688589
      ],
      [
        0.1252616325706024,
        0.7727256472558762,
        0.10201272017352143
      ],
      [
        0.7543513999645187,
        0.13431709111490145,
        0.11133150892057987
      ],
      [
        0.077352889693885,
        0.2467217437885909,
        0.675925366517524
      ],
      [
        0.057647796166914386,
        0.8633245434896365,
        0.07902766034344913
      ],
      [
        0.20444387490716293,
        0.545975561286619,
        0.24958056380621818
      ],
      [
        0.3769410863377536,
        0.5100912211610868,
        0.1129676925011596
      ],
      [
        0.1469210849006789,
        0.6616936341358715,
        0.19138528096344962
      ],
      [
        0.09032864146441422,
        0.7526217036035371,
        0.15704965493204875
      ],
      [
        0.1348185373407652,
        0.5844667927137666,
        0.28071466994546834
      ],
      [
        0.1956853889085693,
        0.24935216068744492,
        0.5549624504039858
      ],
      [
        0.15937997861640613,
        0.7578110020981351,
        0.08280901928545868
      ],
      [
        0.013493751230603753,
        0.016091620224324463,
        0.9704146285450719
      ],
      [
        0.22610426692875807,
        0.588391998073972,
        0.18550373499726988
      ],
      [
        0.10776534130645153,
        0.16496729201897783,
        0.7272673666745707
      ],
      [
        0.00015562776896427516,
        1.4852874220859554e-05,
        0.9998295193568147
      ],
      [
        0.6468684667446096,
        0.2921396152760619,
        0.060991917979328535
      ],
      [
        0.025986493443196954,
        0.06060592417911419,
        0.9134075823776888
      ],
      [
        0.05334569147296876,
        0.8875313522623991,
        0.05912295626463221
      ],
      [
        0.12873296076870208,
        0.857416056371975,
        0.01385098285932284
      ],
      [
        0.06027658172864137,
        0.8498173800728739,
        0.08990603819848479
      ],
      [
        0.01906255839467588,
        0.012917621906091466,
        0.9680198196992327
      ],
      [
        0.053430830403251986,
        0.009033211883626888,
        0.9375359577131211
      ],
      [
        0.04581260137066659,
        0.009652179896817164,
        0.9445352187325163
      ],
      [
        0.3179153534656904,
        0.4200028289404485,
        0.2620818175938611
      ],
      [
        0.13064019921912637,
        0.6151525015727856,
        0.254207299208088
      ],
      [
        0.4771470680880622,
        0.3202392011962092,
        0.20261373071572863
      ],
      [
        0.09470922203214142,
        0.16824712838253444,
        0.7370436495853241
      ],
      [
        0.7620716447205054,
        0.124165591118445,
        0.11376276416104958
      ],
      [
        0.013392831328399878,
        0.02867498595046184,
        0.9579321827211383
      ],
      [
        0.0022998250130537787,
        0.005033632087786609,
        0.9926665428991596
      ],
      [
        0.1137118315179013,
        0.007612214699459263,
        0.8786759537826394
      ],
      [
        0.05482356934870051,
        0.6092749773034981,
        0.3359014533478013
      ],
      [
        0.1474313707534755,
        0.19406791280025093,
        0.6585007164462736
      ],
      [
        0.16014371719913492,
        0.057747680266116076,
        0.782108602534749
      ],
      [
        0.15086385762847399,
        0.6561182367816918,
        0.19301790558983425
      ],
      [
        0.8057174869967535,
        0.14830098067594183,
        0.045981532327304724
      ],
      [
        0.10033590964340008,
        0.33485734759449814,
        0.5648067427621019
      ],
      [
        0.7855996856332268,
        0.00744557141140377,
        0.20695474295536942
      ],
      [
        0.03793932750958922,
        0.6879214485756034,
        0.2741392239148075
      ],
      [
        0.04550485595350713,
        0.7179933240486466,
        0.23650181999784617
      ],
      [
        0.08974800387911255,
        0.3101472583554567,
        0.6001047377654307
      ],
      [
        0.10029710850360411,
        0.16765677075999716,
        0.7320461207363986
      ],
      [
        0.4391072740981111,
        0.41631140959302515,
        0.1445813163088637
      ],
      [
        0.01382570745158188,
        0.3342613931893254,
        0.6519128993590928
      ],
      [
        0.20444387490716293,
        0.545975561286619,
        0.24958056380621818
      ],
      [
        0.0028318232719277492,
        0.03319038335921945,
        0.9639777933688528
      ],
      [
        0.07439877636722292,
        0.41074367476240425,
        0.5148575488703728
      ],
      [
        0.38871378332461204,
        0.5306991307782664,
        0.08058708589712155
      ],
      [
        0.5873984695137032,
        0.22597374081751173,
        0.18662778966878493
      ],
      [
        0.10995279024975249,
        0.6792297028279624,
        0.2108175069222852
      ],
      [
        0.0011101463621841592,
        0.0009617309841094213,
        0.9979281226537065
      ],
      [
        0.3040120278601632,
        0.576038522132807,
        0.11994945000702971
      ],
      [
        0.014755010768211651,
        0.9009444223967292,
        0.08430056683505918
      ],
      [
        0.25318593195672967,
        0.6217305736074498,
        0.12508349443582056
      ],
      [
        0.7194425898090541,
        0.10047656372967755,
        0.18008084646126854
      ],
      [
        0.058720552559207086,
        0.41989337074572697,
        0.521386076695066
      ],
      [
        0.001090157928143998,
        0.00048436624335871303,
        0.9984254758284974
      ],
      [
        0.23655583775716774,
        0.712830993443484,
        0.05061316879934829
      ],
      [
        0.081057353859255,
        0.6775216776057175,
        0.2414209685350274
      ],
      [
        0.021255811042386788,
        0.9334218225775113,
        0.04532236638010195
      ],
      [
        0.05205734409447788,
        0.6263636102954797,
        0.32157904561004247
      ],
      [
        0.02590358238350111,
        0.6904275246015206,
        0.28366889301497833
      ],
      [
        0.6045784223999121,
        0.23961329503674866,
        0.15580828256333923
      ],
      [
        0.28784186104146514,
        0.49176042548851095,
        0.22039771347002382
      ],
      [
        0.3664500837190224,
        0.5989578779641528,
        0.03459203831682484
      ],
      [
        0.1822760704700641,
        0.5925500355907293,
        0.22517389393920667
      ],
      [
        0.02030313843439059,
        0.09409626785879646,
        0.885600593706813
      ],
      [
        0.20444387490716293,
        0.545975561286619,
        0.24958056380621818
      ],
      [
        0.09352096048413278,
        0.14641228674502424,
        0.7600667527708429
      ],
      [
        0.047056841946423796,
        0.7512325118184461,
        0.20171064623513013
      ],
      [
        0.1707560612625699,
        0.7570637663118082,
        0.07218017242562196
      ],
      [
        0.16880918514124166,
        0.5076455570916862,
        0.3235452577670721
      ],
      [
        0.7353766462726659,
        0.1662655972955537,
        0.0983577564317806
      ],
      [
        0.16187795751415682,
        0.04173686807034137,
        0.7963851744155018
      ],
      [
        0.05335973439549169,
        0.3389186869064686,
        0.6077215786980397
      ],
      [
        0.20444387490716293,
        0.545975561286619,
        0.24958056380621818
      ],
      [
        0.11861926294131996,
        0.7262608859726675,
        0.15511985108601264
      ],
      [
        0.7932954726522772,
        0.1466410201448273,
        0.06006350720289552
      ],
      [
        0.0998256965495748,
        0.06376586428879971,
        0.8364084391616255
      ],
      [
        0.3315882607352966,
        0.4479098929146926,
        0.2205018463500109
      ],
      [
        0.004058777081323602,
        0.0062591418475002655,
        0.9896820810711761
      ],
      [
        0.19196419281961397,
        0.7100405747178749,
        0.09799523246251118
      ],
      [
        0.07281816190001066,
        0.8386977382744039,
        0.08848409982558553
      ],
      [
        0.5806912113753772,
        0.27017642672625586,
        0.1491323618983669
      ],
      [
        0.20444387490716293,
        0.545975561286619,
        0.24958056380621818
      ],
      [
        0.03585946726719472,
        0.5372104145956251,
        0.4269301181371802
      ],
      [
        0.25479439973503265,
        0.10210432526649414,
        0.6431012749984731
      ],
      [
        0.5472419005416758,
        0.3445343937268624,
        0.10822370573146176
      ],
      [
        0.057470661577450774,
        0.8657964362377126,
        0.07673290218483644
      ],
      [
        0.06460170927147528,
        0.8355614354361154,
        0.09983685529240922
      ],
      [
        0.07514408207946877,
        0.330166831718814,
        0.5946890862017172
      ],
      [
        0.1890473316459815,
        0.32889083995944507,
        0.48206182839457334
      ],
      [
        0.020773168735293668,
        0.8664985666999954,
        0.11272826456471108
      ],
      [
        0.15603913403183214,
        0.6931271234159666,
        0.15083374255220128
      ],
      [
        0.6059983544459225,
        0.05328251325490095,
        0.3407191322991765
      ],
      [
        0.016748191409907232,
        0.160901617633831,
        0.8223501909562617
      ],
      [
        0.048724885663609774,
        0.08132475580947789,
        0.8699503585269123
      ],
      [
        0.476144737735611,
        0.15420932156804448,
        0.3696459406963445
      ],
      [
        0.39832522262104586,
        0.14954840563949334,
        0.45212637173946074
      ],
      [
        0.737814235164225,
        0.07364321737205709,
        0.1885425474637179
      ],
      [
        0.7266158874398795,
        0.22200226236905718,
        0.05138185019106331
      ],
      [
        0.0987304328048792,
        0.7638062405901852,
        0.13746332660493552
      ],
      [
        0.20444387490716293,
        0.545975561286619,
        0.24958056380621818
      ],
      [
        0.23632524935031585,
        0.7164745544241342,
        0.04720019622554988
      ],
      [
        0.44033026846887136,
        0.06933994983005795,
        0.4903297817010706
      ],
      [
        0.7495307701882091,
        0.20233406592102987,
        0.048135163890761
      ],
      [
        0.09101309542612068,
        0.554954364230703,
        0.3540325403431763
      ],
      [
        0.5879476044289881,
        0.35423717239288627,
        0.057815223178125714
      ],
      [
        0.8113813595706457,
        0.12212835583952229,
        0.066490284589832
      ],
      [
        0.20444387490716293,
        0.545975561286619,
        0.24958056380621818
      ],
      [
        0.14081978650921992,
        0.7269344453798733,
        0.13224576811090688
      ],
      [
        0.14978599000224815,
        0.3543068407066194,
        0.4959071692911325
      ],
      [
        0.2163589706292441,
        0.3732426886745401,
        0.4103983406962159
      ],
      [
        0.382553064008413,
        0.06851282240591001,
        0.548934113585677
      ],
      [
        0.03046084403475249,
        0.5658494902093364,
        0.40368966575591103
      ],
      [
        0.14609582757077536,
        0.3419147762781253,
        0.5119893961510993
      ],
      [
        0.20444387490716293,
        0.545975561286619,
        0.24958056380621818
      ],
      [
        0.6203967186773686,
        0.31299798785275224,
        0.06660529346987916
      ],
      [
        0.07746941548117382,
        0.14589255696049017,
        0.776638027558336
      ],
      [
        0.04457161602740127,
        0.9167738469976754,
        0.038654536974923395
      ],
      [
        0.03861706945556901,
        0.935450325903311,
        0.025932604641119864
      ],
      [
        0.20444387490716293,
        0.545975561286619,
        0.24958056380621818
      ],
      [
        0.12198481447942311,
        0.22290044837217265,
        0.6551147371484043
      ],
      [
        0.8564067851022127,
        0.07296225870577921,
        0.07063095619200807
      ],
      [
        0.005043250058162229,
        0.04385849040552128,
        0.9510982595363164
      ],
      [
        0.5845077637742045,
        0.31400030663727757,
        0.101491929588518
      ],
      [
        0.6343937188342383,
        0.23002853556622646,
        0.13557774559953528
      ],
      [
        0.15072530400740813,
        0.7774298535695761,
        0.07184484242301581
      ],
      [
        0.20444387490716293,
        0.545975561286619,
        0.24958056380621818
      ],
      [
        0.5435561176275864,
        0.3424443001451181,
        0.11399958222729555
      ],
      [
        0.10807914248352868,
        0.25939865237561105,
        0.6325222051408602
      ],
      [
        0.22160828288130652,
        0.32234402507025667,
        0.4560476920484367
      ],
      [
        0.20444387490716293,
        0.545975561286619,
        0.24958056380621818
      ],
      [
        0.15145748403072248,
        0.23142203952063212,
        0.6171204764486454
      ],
      [
        0.04840165682801239,
        0.07316098359011229,
        0.8784373595818754
      ],
      [
        0.40693175334930964,
        0.3423829686914149,
        0.2506852779592756
      ],
      [
        0.00900120727340396,
        0.04063313523894688,
        0.9503656574876492
      ],
      [
        0.3966587727935706,
        0.04900064349732053,
        0.5543405837091089
      ],
      [
        0.018651320792891727,
        0.9272781942434803,
        0.054070484963627825
      ],
      [
        0.20444387490716293,
        0.545975561286619,
        0.24958056380621818
      ],
      [
        0.20053794597882343,
        0.468525855072796,
        0.3309361989483806
      ],
      [
        0.5303327613242512,
        0.30254986251948857,
        0.16711737615626024
      ],
      [
        0.06445746033866724,
        0.8382449758173394,
        0.09729756384399343
      ],
      [
        0.20444387490716293,
        0.545975561286619,
        0.24958056380621818
      ],
      [
        0.012339964356681953,
        0.8073465291955235,
        0.18031350644779437
      ],
      [
        0.5868741715041992,
        0.18935732726701746,
        0.2237685012287833
      ],
      [
        0.299190744591275,
        0.29879977161598215,
        0.40200948379274287
      ],
      [
        0.3669343404504747,
        0.3125147620811761,
        0.3205508974683492
      ],
      [
        0.26332035346611193,
        0.22373838068052448,
        0.5129412658533635
      ],
      [
        0.7560966290876434,
        0.19326460767152065,
        0.050638763240835834
      ],
      [
        0.08762645450479778,
        0.10937704651152534,
        0.802996498983677
      ],
      [
        0.0632385314948185,
        0.7791758001400382,
        0.15758566836514343
      ],
      [
        0.2641303382309683,
        0.33162612915264483,
        0.40424353261638685
      ],
      [
        0.6902717660604323,
        0.10879977417377151,
        0.20092845976579626
      ],
      [
        0.008764376565188955,
        0.19390084739630928,
        0.7973347760385017
      ],
      [
        0.2078036166377188,
        0.188239629524068,
        0.6039567538382131
      ],
      [
        0.5841382367856248,
        0.07577028791397775,
        0.34009147530039735
      ],
      [
        0.09287932849783558,
        0.36015132046762394,
        0.5469693510345405
      ],
      [
        0.1679795481613105,
        0.12456786033478426,
        0.7074525915039053
      ],
      [
        0.7319806536622028,
        0.21712001938004352,
        0.0508993269577538
      ],
      [
        0.00907084253075639,
        0.004749758031041119,
        0.9861793994382024
      ],
      [
        0.05275576618009161,
        0.9437325814512093,
        0.0035116523686989777
      ],
      [
        0.09130962975395501,
        0.8061048669552169,
        0.10258550329082809
      ],
      [
        0.011498396912502326,
        0.7899379975068427,
        0.19856360558065503
      ],
      [
        0.07743189997120917,
        0.7886712327332633,
        0.1338968672955276
      ],
      [
        0.9127882012486729,
        0.043584573065788196,
        0.043627225685538805
      ],
      [
        0.4465777235804214,
        0.2501578298707128,
        0.30326444654886586
      ],
      [
        0.19415832296786809,
        0.5535226357023865,
        0.2523190413297454
      ],
      [
        0.07112472467331205,
        0.2712882896855634,
        0.6575869856411245
      ],
      [
        0.020126747120623872,
        0.07557170881937555,
        0.9043015440600006
      ],
      [
        0.20444387490716293,
        0.545975561286619,
        0.24958056380621818
      ],
      [
        0.17562202151463144,
        0.20505544763219424,
        0.6193225308531742
      ],
      [
        0.09032864146441422,
        0.7526217036035371,
        0.15704965493204875
      ],
      [
        0.11381927051024801,
        0.565762945784394,
        0.32041778370535795
      ],
      [
        0.043585418026812546,
        0.4001042151777715,
        0.556310366795416
      ],
      [
        0.9659178781569411,
        0.024347625894379943,
        0.009734495948678836
      ],
      [
        0.13886947649715498,
        0.7483883388393051,
        0.11274218466353987
      ],
      [
        0.20444387490716293,
        0.545975561286619,
        0.24958056380621818
      ],
      [
        0.055546399017412505,
        0.7905652653229802,
        0.15388833565960747
      ],
      [
        0.20104853249207022,
        0.2488570444084088,
        0.5500944230995211
      ],
      [
        0.20444387490716293,
        0.545975561286619,
        0.24958056380621818
      ],
      [
        0.4426604869740571,
        0.41751332805398655,
        0.13982618497195629
      ],
      [
        0.041700488896078115,
        0.4172096055449069,
        0.541089905559015
      ],
      [
        0.11308098452153914,
        0.7274433036706421,
        0.15947571180781883
      ],
      [
        0.08453465114977501,
        0.8141215417302805,
        0.10134380711994447
      ],
      [
        0.20444387490716293,
        0.545975561286619,
        0.24958056380621818
      ],
      [
        0.3895272048791447,
        0.3109014651722596,
        0.2995713299485957
      ],
      [
        0.8265852466742033,
        0.08597541806571792,
        0.08743933526007874
      ],
      [
        0.7089756738592105,
        0.17776840002922423,
        0.1132559261115654
      ],
      [
        0.19027353798622534,
        0.5044380789571321,
        0.3052883830566426
      ],
      [
        0.2427816273190441,
        0.14004598387249853,
        0.6171723888084574
      ],
      [
        0.2215767222335201,
        0.3960471269740652,
        0.3823761507924148
      ],
      [
        0.10376373062491916,
        0.3146420829215566,
        0.5815941864535242
      ],
      [
        0.18121935260606792,
        0.016408334234341824,
        0.8023723131595903
      ],
      [
        0.3197009155500011,
        0.4907900728702313,
        0.18950901157976763
      ],
      [
        0.5170166124789671,
        0.24147851730015849,
        0.2415048702208745
      ],
      [
        0.015458970037396047,
        0.02633284171497861,
        0.9582081882476252
      ],
      [
        0.03910406142670239,
        0.8937370724278093,
        0.06715886614548827
      ],
      [
        0.5176681555855073,
        0.12599461138747273,
        0.35633723302702
      ],
      [
        0.8541320652645851,
        0.0703825947249178,
        0.07548534001049714
      ],
      [
        0.4099848165315947,
        0.13710550778641978,
        0.4529096756819854
      ],
      [
        0.09032864146441422,
        0.7526217036035371,
        0.15704965493204875
      ],
      [
        0.2272754939304471,
        0.6348852005441716,
        0.1378393055253812
      ],
      [
        0.30547075844062593,
        0.4435296855055797,
        0.2509995560537944
      ],
      [
        0.45388198878746194,
        0.21490580862797665,
        0.33121220258456147
      ],
      [
        0.048776843565892,
        0.31743439005241747,
        0.6337887663816907
      ],
      [
        0.5217768221460878,
        0.30218929402184697,
        0.1760338838320652
      ],
      [
