{
  "f1_macro": 0.36823810396365037,
  "best_params": {
    "C": 10,
    "gamma": "auto",
    "kernel": "rbf"
  },
  "probas": [
    [
      0.28302556763872555,
      0.44712607562871076,
      0.2698483567325635
    ],
    [
      0.2455541851348685,
      0.3654121409583506,
      0.3890336739067808
    ],
    [
      0.20572956558756475,
      0.3620493180709123,
      0.4322211163415229
    ],
    [
      0.21616664502850286,
      0.3602040225274181,
      0.4236293324440789
    ],
    [
      0.19448872682218127,
      0.3681467413941658,
      0.43736453178365264
    ],
    [
      0.2352334395181925,
      0.43005261636434294,
      0.33471394411746447
    ],
    [
      0.21616664502850286,
      0.3602040225274181,
      0.4236293324440789
    ],
    [
      0.22458219686990505,
      0.4072910060302089,
      0.3681267970998861
    ],
    [
      0.24676047862602438,
      0.42921289956867203,
      0.32402662180530356
    ],
    [
      0.266620307861966,
      0.3551522510661472,
      0.37822744107188644
    ],
    [
      0.2600101527568449,
      0.42253688326181166,
      0.3174529639813433
    ],
    [
      0.2189651359327141,
      0.40841262733261774,
      0.3726222367346682
    ],
    [
      0.23888983289701388,
      0.3633250622076326,
      0.3977851048953534
    ],
    [
      0.2406629184829044,
      0.44505803033820557,
      0.3142790511788899
    ],
    [
      0.2255800001255575,
      0.3945467385742574,
      0.3798732613001853
    ],
    [
      0.23173048716027977,
      0.41915351975620024,
      0.34911599308352004
    ],
    [
      0.2708262142809611,
      0.38778452466100555,
      0.3413892610580333
    ],
    [
      0.20985224269062175,
      0.3956822973669682,
      0.39446545994240995
    ],
    [
      0.23408801804433527,
      0.4101787021521282,
      0.3557332798035366
    ],
    [
      0.2337278693498746,
      0.3458457527037514,
      0.4204263779463739
    ],
    [
      0.21720879743074328,
      0.4002282009549098,
      0.3825630016143469
    ],
    [
      0.25606295181149985,
      0.362642672142089,
      0.38129437604641087
    ],
    [
      0.2521694399148917,
      0.38595473235468064,
      0.3618758277304276
    ],
    [
      0.276465045090192,
      0.34359082835308447,
      0.3799441265567232
    ],
    [
      0.21616664502850286,
      0.3602040225274181,
      0.4236293324440789
    ],
    [
      0.22925153452350616,
      0.3546104993955288,
      0.4161379660809647
    ],
    [
      0.2625896454955294,
      0.3338203664849416,
      0.4035899880195289
    ],
    [
      0.21401123081070178,
      0.42004785169142134,
      0.36594091749787677
    ],
    [
      0.2510531545601441,
      0.362212246352997,
      0.3867345990868588
    ],
    [
      0.2692320229205637,
      0.3566921663796976,
      0.3740758106997388
    ],
    [
      0.25449453220072915,
      0.41113244979071617,
      0.33437301800855446
    ],
    [
      0.2483915437732831,
      0.4087707050539942,
      0.3428377511727225
    ],
    [
      0.2657129601056004,
      0.3797061804529915,
      0.354580859441408
    ],
    [
      0.30380063982433797,
      0.3887902533639955,
      0.3074091068116665
    ],
    [
      0.21691686415818073,
      0.4076012160566651,
      0.3754819197851543
    ],
    [
      0.22588513791197376,
      0.3465925250810715,
      0.42752233700695474
    ],
    [
      0.2465357481939509,
      0.4044878944157932,
      0.3489763573902557
    ],
    [
      0.19273327405612187,
      0.40763165717222666,
      0.39963506877165156
    ],
    [
      0.2913739997669422,
      0.3253493181730993,
      0.3832766820599582
    ],
    [
      0.24567628671950847,
      0.39217039084206357,
      0.36215332243842807
    ],
    [
      0.18861282222120535,
      0.38247211528263836,
      0.4289150624961561
    ],
    [
      0.26070599465696814,
      0.40012889345041125,
      0.33916511189262055
    ],
    [
      0.2436882247461128,
      0.3369147690341761,
      0.41939700621971115
    ],
    [
      0.19996586592964954,
      0.33880248054974643,
      0.46123165352060397
    ],
    [
      0.20714178734956268,
      0.41377418886098927,
      0.379084023789448
    ],
    [
      0.22972669436797852,
      0.36602785635495405,
      0.40424544927706746
    ],
    [
      0.2811785330561302,
      0.3848037030570762,
      0.33401776388679366
    ],
    [
      0.2446358138092766,
      0.3976945742305237,
      0.35766961196019986
    ],
    [
      0.28231367271188545,
      0.4595100936231521,
      0.25817623366496245
    ],
    [
      0.2634688460824174,
      0.41333643252746977,
      0.3231947213901128
    ],
    [
      0.23225175719607227,
      0.4630019630681694,
      0.30474627973575835
    ],
    [
      0.24333140028472297,
      0.3848915334184377,
      0.37177706629683926
    ],
    [
      0.2869320429557053,
      0.4011832189778333,
      0.31188473806646144
    ],
    [
      0.21616664502850286,
      0.3602040225274181,
      0.4236293324440789
    ],
    [
      0.22502880851984527,
      0.3833232234959211,
      0.3916479679842334
    ],
    [
      0.21899470742816943,
      0.42925324394013964,
      0.3517520486316908
    ],
    [
      0.27843780371358295,
      0.4284136394352536,
      0.2931485568511633
    ],
    [
      0.2587965959084133,
      0.42548960628508314,
      0.3157137978065037
    ],
    [
      0.21616664502850286,
      0.3602040225274181,
      0.4236293324440789
    ],
    [
      0.25267236641450463,
      0.3888615831420377,
      0.35846605044345753
    ],
    [
      0.2539544484168642,
      0.39941104466477745,
      0.3466345069183584
    ],
    [
      0.23528355270023438,
      0.4025398829422611,
      0.3621765643575045
    ],
    [
      0.2197964721307451,
      0.41297669089893696,
      0.3672268369703179
    ],
    [
      0.23133744882328058,
      0.39953490732021724,
      0.3691276438565019
    ],
    [
      0.28773852880012124,
      0.4238031476246867,
      0.28845832357519197
    ],
    [
      0.2568276551093959,
      0.41013000428681734,
      0.33304234060378657
    ],
    [
      0.21527206763306594,
      0.3795761693600435,
      0.4051517630068903
    ],
    [
      0.23030003457348588,
      0.3545221307193565,
      0.41517783470715774
    ],
    [
      0.28733012949521725,
      0.3976626629291558,
      0.3150072075756268
    ],
    [
      0.30344187874379636,
      0.3852919557648691,
      0.31126616549133446
    ],
    [
      0.2928237177885018,
      0.33533180887373476,
      0.37184447333776327
    ],
    [
      0.30464518075633246,
      0.4271083538083606,
      0.2682464654353069
    ],
    [
      0.21616664502850286,
      0.3602040225274181,
      0.4236293324440789
    ],
    [
      0.3033223327436122,
      0.3860662761631509,
      0.31061139109323666
    ],
    [
      0.25676186802074885,
      0.38580752428269327,
      0.35743060769655793
    ],
    [
      0.22883826026741574,
      0.35274790195072486,
      0.41841383778185925
    ],
    [
      0.21108335784449223,
      0.41178995104155225,
      0.3771266911139553
    ],
    [
      0.1900974612586471,
      0.3623161721765166,
      0.4475863665648363
    ],
    [
      0.20410576484446954,
      0.37156846026618273,
      0.4243257748893477
    ],
    [
      0.21548186713260722,
      0.41188534628443496,
      0.3726327865829578
    ],
    [
      0.23223461289467767,
      0.44834408917262814,
      0.3194212979326941
    ],
    [
      0.29745842362128017,
      0.37786202070371716,
      0.32467955567500295
    ],
    [
      0.21314660123315565,
      0.4046090325589412,
      0.3822443662079031
    ],
    [
      0.25289356757537496,
      0.35312600120054016,
      0.393980431224085
    ],
    [
      0.22802694149985758,
      0.4220055074806898,
      0.34996755101945265
    ],
    [
      0.2178845886055747,
      0.37968050086150223,
      0.40243491053292296
    ],
    [
      0.23430282557946946,
      0.3849923343131475,
      0.38070484010738287
    ],
    [
      0.24812623623589627,
      0.42251227853922896,
      0.3293614852248745
    ],
    [
      0.27188366284044413,
      0.41821708905741806,
      0.30989924810213754
    ],
    [
      0.21381174856274882,
      0.4063544483630319,
      0.379833803074219
    ],
    [
      0.2444351803645046,
      0.3659574363566389,
      0.38960738327885625
    ],
    [
      0.23385658512766969,
      0.387978232348798,
      0.378165182523532
    ],
    [
      0.2750644581016497,
      0.3465311899935911,
      0.37840435190475913
    ],
    [
      0.24827208477058416,
      0.37170452221600964,
      0.38002339301340643
    ],
    [
      0.2145203059727341,
      0.43429232520972216,
      0.35118736881754364
    ],
    [
      0.2599759465421497,
      0.4160759063920309,
      0.32394814706581937
    ],
    [
      0.29452855320082216,
      0.3750761335517116,
      0.33039531324746624
    ],
    [
      0.24510166710647524,
      0.41249694207888715,
      0.34240139081463744
    ],
    [
      0.3133196295863023,
      0.37757214246863,
      0.3091082279450677
    ],
    [
      0.2590232823867618,
      0.4017965242507683,
      0.33918019336247
    ],
    [
      0.2993793437358725,
      0.4075565197822674,
      0.29306413648186014
    ],
    [
      0.19211829670421643,
      0.4454738008063536,
      0.36240790248942983
    ],
    [
      0.3042950960413621,
      0.3897683860872525,
      0.3059365178713855
    ],
    [
      0.23878913842096003,
      0.37591649646251973,
      0.3852943651165201
    ],
    [
      0.24900699467114143,
      0.4122166304856875,
      0.33877637484317086
    ],
    [
      0.2540909148852825,
      0.4052260094658289,
      0.34068307564888867
    ],
    [
      0.20508618889067978,
      0.41534490339607166,
      0.37956890771324836
    ],
    [
      0.20965566851619805,
      0.3492291159181928,
      0.44111521556560934
    ],
    [
      0.32549841525212025,
      0.3547686005431688,
      0.3197329842047109
    ],
    [
      0.20606161409869264,
      0.4445981915486421,
      0.3493401943526652
    ],
    [
      0.20710867202442726,
      0.4122603156081075,
      0.38063101236746516
    ],
    [
      0.29952716351032227,
      0.36097946943436954,
      0.33949336705530825
    ],
    [
      0.23885123998528351,
      0.4001911434697336,
      0.36095761654498293
    ],
    [
      0.22958815176874595,
      0.48963059855101265,
      0.28078124968024154
    ],
    [
      0.29035715977411736,
      0.3937470332181683,
      0.3158958070077144
    ],
    [
      0.2653057403783727,
      0.3856285430198952,
      0.34906571660173197
    ],
    [
      0.27758087448384217,
      0.40129464302717754,
      0.32112448248898057
    ],
    [
      0.26983305840656907,
      0.4367093980715465,
      0.2934575435218843
    ],
    [
      0.25734029260735947,
      0.3706265012132383,
      0.37203320617940244
    ],
    [
      0.27247104636331654,
      0.3803761070811856,
      0.34715284655549783
    ],
    [
      0.2734603521036748,
      0.42781085073860475,
      0.29872879715772044
    ],
    [
      0.21616664502850286,
      0.3602040225274181,
      0.4236293324440789
    ],
    [
      0.21616664502850286,
      0.3602040225274181,
      0.4236293324440789
    ],
    [
      0.24871659274947183,
      0.4053914397235427,
      0.3458919675269854
    ],
    [
      0.28797406690254057,
      0.3471937530732355,
      0.3648321800242236
    ],
    [
      0.22672145882139166,
      0.45421632598058626,
      0.3190622151980218
    ],
    [
      0.2577887320775507,
      0.3907343290939002,
      0.35147693882854897
    ],
    [
      0.22614402066963474,
      0.34143893249170204,
      0.432417046838663
    ],
    [
      0.26697745193238687,
      0.4138673695858153,
      0.3191551784817978
    ],
    [
      0.21616664502850286,
      0.3602040225274181,
      0.4236293324440789
    ],
    [
      0.20348432401503858,
      0.3978778492473495,
      0.39863782673761194
    ],
    [
      0.21760724975768947,
      0.39992949228102015,
      0.3824632579612904
    ],
    [
      0.22631505411374842,
      0.3722950203896738,
      0.40138992549657776
    ],
    [
      0.2473407477823342,
      0.44853900368132515,
      0.3041202485363407
    ],
    [
      0.23471511446784094,
      0.48026506519656204,
      0.2850198203355969
    ],
    [
      0.252961626135331,
      0.42403817489204415,
      0.32300019897262494
    ],
    [
      0.23387556152660485,
      0.3671368118159758,
      0.39898762665741944
    ],
    [
      0.24542730481962474,
      0.41780198586196593,
      0.33677070931840947
    ],
    [
      0.21616664502850286,
      0.3602040225274181,
      0.4236293324440789
    ],
    [
      0.22332063371642374,
      0.3822664237460805,
      0.394412942537496
    ],
    [
      0.26034326805060964,
      0.411848053932278,
      0.32780867801711233
    ],
    [
      0.27440914891949475,
      0.39587518017193846,
      0.3297156709085665
    ],
    [
      0.2076007620590751,
      0.373500745978914,
      0.4188984919620108
    ],
    [
      0.2791135947008,
      0.3626223192237426,
      0.35826408607545734
    ],
    [
      0.2718349213456827,
      0.45425088639855055,
      0.2739141922557668
    ],
    [
      0.255490804700725,
      0.4330424655532099,
      0.3114667297460649
    ],
    [
      0.2305916059576187,
      0.4162209683713433,
      0.3531874256710377
    ],
    [
      0.22378229290494278,
      0.446999132180116,
      0.3292185749149413
    ],
    [
      0.30628343882059805,
      0.3727162281467629,
      0.3210003330326392
    ],
    [
      0.21616664502850286,
      0.3602040225274181,
      0.4236293324440789
    ],
    [
      0.2607618204053781,
      0.38260131692868776,
      0.35663686266593403
    ],
    [
      0.2695124572066597,
      0.3992236082479819,
      0.3312639345453584
    ],
    [
      0.2747147112618779,
      0.3893988524025124,
      0.3358864363356098
    ],
    [
      0.24295693601342486,
      0.4051237570427848,
      0.3519193069437901
    ],
    [
      0.25423679751096806,
      0.39888219055325375,
      0.34688101193577814
    ],
    [
      0.255144901338618,
      0.3956256768388853,
      0.34922942182249644
    ],
    [
      0.2393807516933832,
      0.34598524040108714,
      0.41463400790552946
    ],
    [
      0.2204273904268059,
      0.3515527012700718,
      0.4280199083031223
    ],
    [
      0.22128177366692156,
      0.44024080357600515,
      0.3384774227570734
    ],
    [
      0.22757006403697755,
      0.4141101037511995,
      0.35831983221182273
    ],
    [
      0.2655943827000274,
      0.4025332040573812,
      0.33187241324259137
    ],
    [
      0.2690107815089115,
      0.41986282552230364,
      0.31112639296878486
    ],
    [
      0.3006048692334147,
      0.38176152510195693,
      0.31763360566462834
    ],
    [
      0.2610780370165485,
      0.36445765469155095,
      0.3744643082919006
    ],
    [
      0.23621144179176384,
      0.399284634883382,
      0.36450392332485415
    ],
    [
      0.21616664502850286,
      0.3602040225274181,
      0.4236293324440789
    ],
    [
      0.2439117974371644,
      0.36317900183867274,
      0.3929092007241628
    ],
    [
      0.27639945792571813,
      0.4407044193756785,
      0.2828961226986031
    ],
    [
      0.21616664502850286,
      0.3602040225274181,
      0.4236293324440789
    ],
    [
      0.24431930501645277,
      0.37409512444410564,
      0.3815855705394417
    ],
    [
      0.21616664502850286,
      0.3602040225274181,
      0.4236293324440789
    ],
    [
      0.20664200226448898,
      0.3758677032690672,
      0.41749029446644387
    ],
    [
      0.2912887292075021,
      0.37525638702125486,
      0.33345488377124277
    ],
    [
      0.2555361029930577,
      0.41242045104194847,
      0.33204344596499397
    ],
    [
      0.21616664502850286,
      0.3602040225274181,
      0.4236293324440789
    ],
    [
      0.2282582811072689,
      0.3980723423920834,
      0.37366937650064774
    ],
    [
      0.33199291393585606,
      0.34396268226072035,
      0.3240444038034238
    ],
    [
      0.23796097245958636,
      0.34671788974711915,
      0.4153211377932942
    ],
    [
      0.2700324431684361,
      0.39761959480496073,
      0.3323479620266029
    ],
    [
      0.22069027425824234,
      0.4091692095456258,
      0.370140516196132
    ],
    [
      0.2464131043092957,
      0.3333483929523376,
      0.4202385027383667
    ],
    [
      0.192337942156296,
      0.36399725900215846,
      0.44366479884154536
    ],
    [
      0.289063425934527,
      0.42033579528668363,
      0.29060077877878904
    ],
    [
      0.23477163524862915,
      0.4573157799600697,
      0.30791258479130096
    ],
    [
      0.25994431988576805,
      0.36116030256980397,
      0.37889537754442787
    ],
    [
      0.28468924911146426,
      0.41673187957553953,
      0.2985788713129962
    ],
    [
      0.2508936687266383,
      0.4032151426916386,
      0.3458911885817228
    ],
    [
      0.20831025450207902,
      0.3751318587833046,
      0.4165578867146166
    ],
    [
      0.25719464111456275,
      0.42343021268317055,
      0.3193751462022664
    ],
    [
      0.2742359410796407,
      0.3807131970488403,
      0.345050861871519
    ],
    [
      0.25315031727241827,
      0.39791411969017276,
      0.3489355630374089
    ],
    [
      0.2960512100326187,
      0.3700191439537186,
      0.3339296460136627
    ],
    [
      0.2445831612355783,
      0.41135928552414386,
      0.34405755324027787
    ],
    [
      0.259191308238122,
      0.4020468123962282,
      0.3387618793656497
    ],
    [
      0.24944097611718416,
      0.4173135684635063,
      0.3332454554193096
    ],
    [
      0.2631886050973773,
      0.436639299160445,
      0.30017209574217785
    ],
    [
      0.21607810861961713,
      0.3831039488180358,
      0.40081794256234704
    ],
    [
      0.23936423400182888,
      0.4088921947484243,
      0.35174357124974664
    ],
    [
      0.2402161272055845,
      0.40664605938455683,
      0.35313781340985867
    ],
    [
      0.2777100916312927,
      0.40315632226725884,
      0.31913358610144843
    ],
    [
      0.24679765194080724,
      0.4026024059553889,
      0.35059994210380374
    ],
    [
      0.29121791776643013,
      0.37312927388478717,
      0.33565280834878275
    ],
    [
      0.24421415467573693,
      0.3875343287487546,
      0.3682515165755079
    ],
    [
      0.22961409137908476,
      0.41404668084597007,
      0.3563392277749451
    ],
    [
      0.22667442122837755,
      0.41645058002403595,
      0.35687499874758655
    ],
    [
      0.19709220889103266,
      0.35083167331732895,
      0.4520761177916385
    ],
    [
      0.19854597571841476,
      0.34015542840875806,
      0.4612985958728272
    ],
    [
      0.2588646402734995,
      0.40147880853364004,
      0.3396565511928606
    ],
    [
      0.274141350408392,
      0.40797848546896626,
      0.3178801641226418
    ],
    [
      0.23868303299907792,
      0.4488281330722691,
      0.312488833928653
    ],
    [
      0.3153078146731259,
      0.4525734270436806,
      0.2321187582831935
    ],
    [
      0.24062951027065904,
      0.39414748252945314,
      0.365223007199888
    ],
    [
      0.29178129040930856,
      0.37640121149444383,
      0.3318174980962475
    ],
    [
      0.21942970786825958,
      0.4463786057359194,
      0.3341916863958209
    ],
    [
      0.21616664502850286,
      0.3602040225274181,
      0.4236293324440789
    ],
    [
      0.2698381031347909,
      0.39077878685950423,
      0.33938311000570454
    ],
    [
      0.24764871740138267,
      0.37669597987061926,
      0.3756553027279979
    ],
    [
      0.29418885832216957,
      0.3774683316962023,
      0.3283428099816282
    ],
    [
      0.22489317585897037,
      0.4604605144135596,
      0.3146463097274701
    ],
    [
      0.2512672260744176,
      0.3946621763368372,
      0.35407059758874504
    ],
    [
      0.26322415605557437,
      0.47363426353279386,
      0.26314158041163194
    ],
    [
      0.28677876302168914,
      0.36378530087195654,
      0.3494359361063545
    ],
    [
      0.31648931674747977,
      0.3967501712270322,
      0.2867605120254877
    ],
    [
      0.24111704091781566,
      0.40498428356352645,
      0.3538986755186577
    ],
    [
      0.3021229925431837,
      0.43134236538305554,
      0.26653464207376104
    ],
    [
      0.25338743026129856,
      0.3922795390831522,
      0.3543330306555492
    ],
    [
      0.210411064065095,
      0.36231014169305636,
      0.4272787942418487
    ],
    [
      0.22183091765574606,
      0.36481129638712834,
      0.41335778595712563
    ],
    [
      0.20994100478550948,
      0.4131817629701841,
      0.37687723224430625
    ],
    [
      0.23691135324969093,
      0.4030709950639252,
      0.3600176516863837
    ],
    [
      0.2326038990180589,
      0.4526290992859888,
      0.31476700169595234
    ],
    [
      0.22644427230592037,
      0.39952264178921665,
      0.37403308590486306
    ],
    [
      0.29327471161839946,
      0.41662174925996065,
      0.2901035391216398
    ],
    [
      0.2878623369977853,
      0.4495307677181357,
      0.26260689528407866
    ],
    [
      0.27632988233226535,
      0.3620737161941844,
      0.36159640147355027
    ],
    [
      0.2557082246771264,
      0.3774683031012167,
      0.3668234722216569
    ],
    [
      0.29071264001809544,
      0.36460810993009785,
      0.34467925005180655
    ],
    [
      0.2691924984741283,
      0.39384703167149576,
      0.3369604698543758
    ],
    [
      0.2166326358877959,
      0.4145847282046236,
      0.36878263590758065
    ],
    [
      0.21616664502850286,
      0.3602040225274181,
      0.4236293324440789
    ],
    [
      0.2673147711469163,
      0.42079836999167125,
      0.31188685886141243
    ],
    [
      0.22892139050991017,
      0.4045465512719182,
      0.36653205821817164
    ],
    [
      0.2402424678979796,
      0.3575683664619041,
      0.40218916564011625
    ],
    [
      0.22746824300703908,
      0.3869702289889086,
      0.38556152800405236
    ],
    [
      0.22465863254375196,
      0.4288906000809892,
      0.34645076737525865
    ],
    [
      0.26820644720530895,
      0.4072786124549039,
      0.324514940339787
    ],
    [
      0.25994625267106436,
      0.34664066762231344,
      0.39341307970662215
    ],
    [
      0.18720883153612078,
      0.4370729328084828,
      0.3757182356553964
    ],
    [
      0.2799479269025927,
      0.4275254967839574,
      0.29252657631344997
    ],
    [
      0.21616664502850286,
      0.3602040225274181,
      0.4236293324440789
    ],
    [
      0.19547041916641672,
      0.4363190458366687,
      0.3682105349969144
    ],
    [
      0.24916392514497587,
      0.39613079337669166,
      0.3547052814783323
    ],
    [
      0.24511489479093052,
      0.38281116558448436,
      0.3720739396245848
    ],
    [
      0.21681318626236476,
      0.41397079632584766,
      0.3692160174117874
    ],
    [
      0.25382834260468895,
      0.41121195347923956,
      0.3349597039160714
    ],
    [
      0.24758130052303878,
      0.3563707011038069,
      0.3960479983731543
    ],
    [
      0.23894152078109065,
      0.3818926509681477,
      0.3791658282507617
    ],
    [
      0.21826204427670512,
      0.3520847082494716,
      0.42965324747382333
    ],
    [
      0.22592489775330973,
      0.43710014117966545,
      0.3369749610670247
    ],
    [
      0.23839236972631933,
      0.4019288162601204,
      0.3596788140135601
    ],
    [
      0.313841263049091,
      0.39208961297544576,
      0.29406912397546314
    ],
    [
      0.21740932856157266,
      0.3639577341218248,
      0.41863293731660234
    ],
    [
      0.22939763815950961,
      0.34824287205439464,
      0.4223594897860958
    ],
    [
      0.30000678224976546,
      0.4175753037851669,
      0.2824179139650676
    ],
    [
      0.25416151667430925,
      0.44675797521362975,
      0.29908050811206127
    ],
    [
      0.2563970592355022,
      0.43765158556414147,
      0.3059513552003564
    ],
    [
      0.23796370205001866,
      0.41904736430513845,
      0.342988933644843
    ],
    [
      0.2595399708452056,
      0.38377599651688976,
      0.3566840326379046
    ],
    [
      0.27920281190476587,
      0.4149274819852405,
      0.3058697061099934
    ],
    [
      0.2246549991975145,
      0.40125353399842095,
      0.37409146680406447
    ],
    [
      0.2329059444739988,
      0.3951834560314886,
      0.3719105994945129
    ],
    [
      0.232183795451053,
      0.4124772250284382,
      0.3553389795205088
    ],
    [
      0.26782352945050586,
      0.38652200364198064,
      0.3456544669075135
    ],
    [
      0.25484504644687317,
      0.3912965955706489,
      0.353858357982478
    ],
    [
      0.27633486972425075,
      0.4168189327698902,
      0.30684619750585906
    ],
    [
      0.2679945651474953,
      0.45145771254948935,
      0.28054772230301533
    ],
    [
      0.24338756525555766,
      0.41841352671291987,
      0.3381989080315223
    ],
    [
      0.21885217866868406,
      0.42447056036671277,
      0.356677260964603
    ],
    [
      0.26235378996601566,
      0.3535677720905097,
      0.38407843794347446
    ],
    [
      0.27448622185941457,
      0.455706401992041,
      0.2698073761485443
    ],
    [
      0.2493224492743361,
      0.3487510597294843,
      0.40192649099617966
    ],
    [
      0.29483651481508333,
      0.41819943117552094,
      0.28696405400939573
    ],
    [
      0.29351721797515956,
      0.3898710318271801,
      0.3166117501976603
    ],
    [
      0.2595019555810687,
      0.37997113351923967,
      0.3605269108996917
    ],
    [
      0.2953159946798017,
      0.39978855059324847,
      0.30489545472694957
    ],
    [
      0.2482268699716117,
      0.38314516117955477,
      0.3686279688488336
    ],
    [
      0.21616664502850286,
      0.3602040225274181,
      0.4236293324440789
    ],
    [
      0.22065369063813106,
      0.4190303536974359,
      0.3603159556644331
    ],
    [
      0.33582534977834155,
      0.3926742388695431,
      0.2715004113521153
    ],
    [
      0.25632284086702456,
      0.38312284131430707,
      0.3605543178186683
    ],
    [
      0.25869727579709456,
      0.4186616777914819,
      0.3226410464114235
    ],
    [
      0.27352374032268023,
      0.4094260345587337,
      0.31705022511858594
    ],
    [
      0.28813543784656637,
      0.4178617077630699,
      0.29400285439036405
    ],
    [
      0.21616664502850286,
      0.3602040225274181,
      0.4236293324440789
    ],
    [
      0.2509918733415951,
      0.38041623197250785,
      0.3685918946858972
    ],
    [
      0.20309572162619924,
      0.47164831970691495,
      0.3252559586668859
    ],
    [
      0.19320628780363688,
      0.4206600973669157,
      0.38613361482944736
    ],
    [
      0.2116102690876177,
      0.4549690605018356,
      0.3334206704105466
    ],
    [
      0.21587222488615,
      0.363847747255668,
      0.42028002785818197
    ],
    [
      0.2880226332072066,
      0.3742754939693846,
      0.33770187282340874
    ],
    [
      0.21616664502850286,
      0.3602040225274181,
      0.4236293324440789
    ],
    [
      0.26709544971040367,
      0.42320355831093764,
      0.30970099197865864
    ],
    [
      0.20810514544483097,
      0.417188477185002,
      0.3747063773701668
    ],
    [
      0.2482330716724213,
      0.38653190443257135,
      0.36523502389500745
    ],
    [
      0.2156341526869991,
      0.4533995205815959,
      0.33096632673140497
    ],
    [
      0.21274663161964208,
      0.4271733619935423,
      0.3600800063868157
    ],
    [
      0.2528136284187645,
      0.37383317042980163,
      0.373353201151434
    ],
    [
      0.24787944745072749,
      0.47000897561864863,
      0.282111576930624
    ],
    [
      0.26986919085563804,
      0.3937171459101998,
      0.3364136632341622
    ],
    [
      0.291428621531662,
      0.3699636817531554,
      0.33860769671518226
    ],
    [
      0.24734391280456416,
      0.4113202580646829,
      0.3413358291307526
    ],
    [
      0.21616664502850286,
      0.3602040225274181,
      0.4236293324440789
    ],
    [
      0.26106270810747917,
      0.37021488463877683,
      0.36872240725374383
    ],
    [
      0.2991778266262351,
      0.4431631171621027,
      0.25765905621166235
    ],
    [
      0.26721071950755343,
      0.3667524423517037,
      0.3660368381407428
    ],
    [
      0.2207032975344663,
      0.35898029108813023,
      0.42031641137740355
    ],
    [
      0.21227528628684478,
      0.44974306469337366,
      0.33798164901978145
    ],
    [
      0.2346423010453264,
      0.42637957165001256,
      0.33897812730466087
    ],
    [
      0.26776242255552984,
      0.37034594344770755,
      0.36189163399676244
    ],
    [
      0.23113270924371904,
      0.37203163721668764,
      0.39683565353959327
    ],
    [
      0.21302654690959524,
      0.33555448088911044,
      0.4514189722012942
    ],
    [
      0.283198602408389,
      0.32887567543072393,
      0.3879257221608869
    ],
    [
      0.2238016523475711,
      0.41160899008371327,
      0.3645893575687157
    ],
    [
      0.26081416798118867,
      0.4000460792593085,
      0.3391397527595029
    ],
    [
      0.26048747159057395,
      0.37935247722517984,
      0.36016005118424604
    ],
    [
      0.24612134825894116,
      0.37310022323893477,
      0.3807784285021243
    ],
    [
      0.21800273199105188,
      0.3584500830254914,
      0.4235471849834568
    ],
    [
      0.20503218298706033,
      0.47400512082487556,
      0.3209626961880639
    ],
    [
      0.22817807456548633,
      0.36085160115425036,
      0.4109703242802632
    ],
    [
      0.22492817960120334,
      0.3974027144813072,
      0.37766910591748937
    ],
    [
      0.28091516868891064,
      0.38593309774998846,
      0.33315173356110067
    ],
    [
      0.20748289128983521,
      0.40127624630833675,
      0.39124086240182787
    ],
    [
      0.2861061424647873,
      0.38317966198253217,
      0.33071419555268067
    ],
    [
      0.2445238195761229,
      0.374353143881365,
      0.38112303654251223
    ],
    [
      0.22851544713097818,
      0.330991876083016,
      0.4404926767860057
    ],
    [
      0.19296769080873244,
      0.45858906978678066,
      0.3484432394044869
    ],
    [
      0.22851593243351384,
      0.4329785559799244,
      0.33850551158656167
    ],
    [
      0.21616664502850286,
      0.3602040225274181,
      0.4236293324440789
    ],
    [
      0.21616664502850286,
      0.3602040225274181,
      0.4236293324440789
    ],
    [
      0.28841180798062793,
      0.3758628415132372,
      0.3357253505061348
    ],
    [
      0.25890364571747376,
      0.36798834016643284,
      0.3731080141160934
    ],
    [
      0.2900345170572141,
      0.3995315884695008,
      0.31043389447328495
    ],
    [
      0.25964140831266347,
      0.40160716628406856,
      0.3387514254032679
    ],
    [
      0.21616664502850286,
      0.3602040225274181,
      0.4236293324440789
    ],
    [
      0.2560048092949188,
      0.3963855910356343,
      0.34760959966944666
    ],
    [
      0.24956143411179707,
      0.4147553759254361,
      0.3356831899627668
    ],
    [
      0.2686791496590049,
      0.37043866861262215,
      0.3608821817283729
    ],
    [
      0.2886978733477184,
      0.34785056731929376,
      0.36345155933298795
    ],
    [
      0.24243941731778748,
      0.3741668070379781,
      0.38339377564423444
    ],
    [
      0.24034019977586044,
      0.3849641116185394,
      0.37469568860560026
    ],
    [
      0.21638109505016617,
      0.398587825740288,
      0.38503107920954566
    ],
    [
      0.18618264576995033,
      0.388298963876164,
      0.4255183903538854
    ],
    [
      0.30118246804368753,
      0.38689446584170045,
      0.3119230661146122
    ],
    [
      0.22996338553803883,
      0.400312383008538,
      0.36972423145342304
    ],
    [
      0.258814862768425,
      0.3888935165166547,
      0.3522916207149202
    ],
    [
      0.21616664502850286,
      0.3602040225274181,
      0.4236293324440789
    ],
    [
      0.23333467227815144,
      0.3815324688563186,
      0.38513285886552984
    ],
    [
      0.21745613078643863,
      0.3919526357139807,
      0.3905912334995805
    ],
    [
      0.29262619001350765,
      0.4298387415458916,
      0.277535068440601
    ],
    [
      0.24914210643195128,
      0.45525179587073306,
      0.29560609769731583
    ],
    [
      0.2532004456629471,
      0.38415702524413453,
      0.36264252909291833
    ],
    [
      0.2210308497836521,
      0.40527449281472655,
      0.37369465740162133
    ],
    [
      0.27323972573451866,
      0.3927005094792909,
      0.3340597647861903
    ],
    [
      0.21616664502850286,
      0.3602040225274181,
      0.4236293324440789
    ],
    [
      0.26840138693522336,
      0.40995849298416087,
      0.3216401200806155
    ],
    [
      0.23914552047477153,
      0.39687071621504505,
      0.3639837633101836
    ],
    [
      0.28717467730520724,
      0.3416108045095238,
      0.3712145181852688
    ],
    [
      0.20253201333096194,
      0.41359578124802754,
      0.3838722054210104
    ],
    [
      0.24685222828190384,
      0.4213681907575956,
      0.33177958096050064
    ],
    [
      0.2600897721022866,
      0.3693989249581353,
      0.37051130293957807
    ],
    [
      0.255458390535682,
      0.33658885682095724,
      0.4079527526433607
    ],
    [
      0.2384718693872936,
      0.4190987409028573,
      0.34242938970984876
    ],
    [
      0.21616664502850286,
      0.3602040225274181,
      0.4236293324440789
    ],
    [
      0.27398518156039,
      0.3940365990899536,
      0.3319782193496562
    ],
    [
      0.27896803799171566,
      0.4086856453464622,
      0.3123463166618222
    ],
    [
      0.2459496423803901,
      0.38781559184499054,
      0.3662347657746194
    ],
    [
      0.257081505160413,
      0.4032006786153901,
      0.3397178162241967
    ],
    [
      0.21616664502850286,
      0.3602040225274181,
      0.4236293324440789
    ],
    [
      0.2329107563708788,
      0.4072560505844948,
      0.3598331930446262
    ],
    [
      0.24748363684210298,
      0.4050585863001833,
      0.3474577768577135
    ],
    [
      0.22429341053075652,
      0.3839908990352451,
      0.3917156904339983
    ],
    [
      0.2532661875012034,
      0.3455794680132229,
      0.4011543444855736
    ],
    [
      0.27746960469301685,
      0.42387669611211404,
      0.2986536991948692
    ],
    [
      0.21529573573137145,
      0.45347404985206463,
      0.33123021441656375
    ],
    [
      0.26956806793461663,
      0.38275628762565084,
      0.34767564443973237
    ],
    [
      0.23782454605583228,
      0.4193305352026965,
      0.3428449187414714
    ],
    [
      0.24646238126697417,
      0.3789415876788981,
      0.3745960310541279
    ],
    [
      0.26944715808213854,
      0.411586583747306,
      0.31896625817055557
    ],
    [
      0.24618963449317194,
      0.3694885772032307,
      0.38432178830359726
    ],
    [
      0.21603735952747483,
      0.42818539205591305,
      0.35577724841661185
    ],
    [
      0.3092182176499862,
      0.4172192233994238,
      0.2735625589505901
    ],
    [
      0.24985025810164382,
      0.3745057948733405,
      0.3756439470250157
    ],
    [
      0.2231679736505066,
      0.4062316180897397,
      0.3706004082597539
    ],
    [
      0.2889976287188255,
      0.40592480262063063,
      0.3050775686605438
    ],
    [
      0.2577082657603098,
      0.44780260118170867,
      0.29448913305798147
    ],
    [
      0.2920760680085529,
      0.3537526999300321,
      0.354171232061415
    ],
    [
      0.2489365189395581,
      0.41723106265561244,
      0.3338324184048294
    ],
    [
      0.26466067785043307,
      0.4185717786163514,
      0.3167675435332153
    ],
    [
      0.23981040564750664,
      0.4099043174935051,
      0.3502852768589882
    ],
    [
      0.313123785336016,
      0.3532783264825688,
      0.3335978881814151
    ],
    [
      0.19876023986101618,
      0.41161830192091087,
      0.3896214582180729
    ],
    [
      0.2558752276565233,
      0.4038187418320625,
      0.3403060305114141
    ],
    [
      0.23454340095363577,
      0.3511565431166209,
      0.4143000559297431
    ],
    [
      0.25330896638980355,
      0.4049201182592386,
      0.3417709153509578
    ],
    [
      0.30888235705359746,
      0.42274563131102605,
      0.26837201163537644
    ],
    [
      0.2788624418224972,
      0.4057382228917303,
      0.3153993352857724
    ],
    [
      0.19983994121845683,
      0.39972230669861225,
      0.40043775208293103
    ],
    [
      0.2963365678231767,
      0.3967692619377876,
      0.3068941702390354
    ],
    [
      0.21086446499212225,
      0.41508628296275146,
      0.3740492520451263
    ],
    [
      0.21616664502850286,
      0.3602040225274181,
      0.4236293324440789
    ],
    [
      0.2061769266061858,
      0.30630141136726524,
      0.48752166202654873
    ],
    [
      0.2110539073297248,
      0.3880373753706303,
      0.4009087172996448
    ],
    [
      0.29816134532341365,
      0.3558899333616804,
      0.3459487213149057
    ],
    [
      0.25970487465660175,
      0.39444539142234086,
      0.3458497339210574
    ],
    [
      0.2025026820287177,
      0.3798638283850628,
      0.41763348958621965
    ],
    [
      0.24397013636969014,
      0.3879348843458459,
      0.368094979284464
    ],
    [
      0.27126528138492584,
      0.41272501173378473,
      0.31600970688128943
    ],
    [
      0.25987180345584154,
      0.4194311772977144,
      0.3206970192464439
    ],
    [
      0.1891195031112744,
      0.3563830725161924,
      0.454497424372533
    ],
    [
      0.25590063599147145,
      0.4497338575285522,
      0.2943655064799762
    ],
    [
      0.25860363904152567,
      0.4588355336418772,
      0.282560827316597
    ],
    [
      0.2611595484477418,
      0.3856108705435559,
      0.3532295810087022
    ],
    [
      0.26460099238277535,
      0.4285699073672778,
      0.30682910024994636
    ],
    [
      0.25940884932208635,
      0.40381259748771436,
      0.33677855319019906
    ],
    [
      0.2620668529812125,
      0.423929643909562,
      0.3140035031092253
    ],
    [
      0.22855540726692275,
      0.31840998871460613,
      0.45303460401847107
    ],
    [
      0.2570841590623866,
      0.41332374297281416,
      0.3295920979647993
    ],
    [
      0.26052859817936824,
      0.36378576772048427,
      0.37568563410014766
    ],
    [
      0.20999621945533278,
      0.4035540043396351,
      0.38644977620503196
    ],
    [
      0.26185592340286523,
      0.3576556216747442,
      0.3804884549223905
    ],
    [
      0.24034164512123957,
      0.45667171941317425,
      0.30298663546558635
    ],
    [
      0.23371887905432173,
      0.3683992950524845,
      0.3978818258931937
    ],
    [
      0.26720022243615915,
      0.4189400097113548,
      0.3138597678524859
    ],
    [
      0.2288723623591734,
      0.4439257794257311,
      0.32720185821509545
    ],
    [
      0.23965481973404984,
      0.4410755574404243,
      0.31926962282552573
    ],
    [
      0.21983626505628948,
      0.36152908724095373,
      0.4186346477027566
    ],
    [
      0.2792157624497028,
